0.000000000
0.000000000
0.000000000
0.000000000
0.000000000
0.000000000
0.000000000
0.000000000
0.000000000
0.000000000
0.000000000
0.000000000
0.000000000
0.000000000
0.000000000
0.000000000
0.000000000
0.000000000
0.000000000
0.000000000
0.000000000
0.000000000
0.000000000
0.000000000
0.000000000
0.000000000
0.000000000
0.000000000
0.000000000
0.000000000
0.000000000
0.000000000
0.000000000
0.000000000
0.000000000
0.000000000
0.000000000
0.000000000
0.000000000
261.291939898
261.897736018
262.293747274
263.156752502
265.585903970
269.392356156
273.813718478
279.430572103
284.872609352
290.396875797
298.388553112
309.023206404
319.264328278
330.015535369
342.648846949
350.765971784
356.435781956
353.999097984
330.446561715
0.000000000
0.000000000
0.000000000
0.000000000
0.000000000
0.000000000
0.000000000
0.000000000
0.000000000
0.000000000
0.000000000
0.000000000
0.000000000
0.000000000
299.983397365
288.561233757
276.703860172
245.399063566
226.429074357
215.289666302
207.766214240
204.279998504
202.267144048
200.599448338
200.064054612
199.305356361
198.204649792
197.909391027
197.655771350
192.738008054
0.000000000
0.000000000
0.000000000
0.000000000
0.000000000
0.000000000
0.000000000
218.778510341
223.019150398
234.772218263
233.278477689
223.330379591
220.452260195
220.265084597
221.725340935
223.474689587
226.983891408
231.993540380
237.041255059
250.572488034
262.141721249
266.487879058
269.768080834
279.244033739
299.759391755
315.194708491
317.027555796
312.590409401
307.937471758
301.429578621
294.584935850
288.428302334
281.473848268
273.546040361
262.588372638
254.203415407
247.202059861
243.971139892
243.858661899
246.210163277
251.608140106
249.295347987
242.321822804
0.000000000
0.000000000
0.000000000
0.000000000
0.000000000
0.000000000
0.000000000
0.000000000
0.000000000
314.713736916
314.160448401
313.924068730
312.897815855
311.793633583
311.766996970
312.960013786
315.160520808
316.565185997
319.223838903
321.821815666
324.943342228
326.875429492
328.361443997
328.775785250
326.333707059
321.980783570
317.496363459
310.231143778
301.129085967
287.742745706
273.556033950
263.450910116
249.505175290
235.399153142
227.440789807
220.059686109
217.336187433
219.620223659
227.775348114
240.514143656
256.634966224
273.248506884
299.619615102
315.293857107
323.037589152
330.285158540
328.424973264
0.000000000
0.000000000
0.000000000
0.000000000
0.000000000
0.000000000
0.000000000
0.000000000
0.000000000
0.000000000
217.407312331
213.526831105
204.875673802
195.305417993
188.564904703
187.682279174
188.752830732
190.467834110
193.364156871
200.289743320
206.359851361
217.240488669
241.207623510
247.363807489
238.300643347
0.000000000
0.000000000
0.000000000
0.000000000
0.000000000
0.000000000
0.000000000
0.000000000
0.000000000
0.000000000
0.000000000
0.000000000
0.000000000
0.000000000
312.571903576
307.672617703
307.210382374
308.833791814
310.290384305
311.272557974
312.534089482
314.228054763
316.011663860
317.721282082
319.152261388
319.941487123
320.963075208
322.201204522
323.185139329
324.748366422
326.452091392
326.797606429
324.231641874
0.000000000
0.000000000
0.000000000
0.000000000
0.000000000
0.000000000
0.000000000
0.000000000
0.000000000
0.000000000
0.000000000
0.000000000
0.000000000
0.000000000
0.000000000
0.000000000
0.000000000
0.000000000
0.000000000
0.000000000
0.000000000
0.000000000
0.000000000
0.000000000
0.000000000
0.000000000
