0.000000000
0.000000000
0.000000000
0.000000000
0.000000000
0.000000000
0.000000000
0.000000000
0.000000000
0.000000000
0.000000000
0.000000000
0.000000000
0.000000000
0.000000000
0.000000000
0.000000000
0.000000000
0.000000000
0.000000000
0.000000000
0.000000000
0.000000000
0.000000000
0.000000000
0.000000000
0.000000000
0.000000000
0.000000000
266.745510750
260.712765114
251.633810261
247.955366849
246.905990040
246.189294270
245.884636756
246.730305589
249.196116751
253.304899494
260.750173553
270.460255829
283.699487940
294.411577312
309.210033649
319.537707955
327.380644020
333.433354483
324.580215306
321.444587981
322.609383365
323.596985181
323.050729421
320.680326586
320.739277264
324.446697746
309.776177443
296.985567603
285.702565532
274.258580341
264.557901309
255.941463470
245.789489862
237.321175555
225.595833796
220.232624710
214.962747293
210.105954985
205.579599417
205.235074776
205.309412945
202.210874249
211.050936180
0.000000000
0.000000000
0.000000000
0.000000000
0.000000000
0.000000000
0.000000000
0.000000000
0.000000000
0.000000000
271.316860120
289.018060801
298.376146864
308.608288207
307.931067203
291.249562020
285.077641339
277.961981156
270.221247678
265.055298478
260.195428969
255.205383265
242.408688419
225.741025339
0.000000000
0.000000000
0.000000000
0.000000000
0.000000000
274.805936667
275.442383651
276.260289267
274.057608852
264.621532149
256.187122162
252.881238906
247.466648828
239.758583477
234.451255148
229.599613362
225.082179588
221.141520986
217.713312060
214.646761646
210.569560088
207.909205903
206.599002904
205.377342879
201.522405818
0.000000000
0.000000000
0.000000000
0.000000000
0.000000000
0.000000000
0.000000000
219.488122644
209.256260447
200.826836417
194.670081215
188.720302034
182.790169669
174.855799352
172.006045334
169.011069860
163.097173062
162.342673485
160.178868533
156.898183444
153.842117477
155.493501654
158.842545042
160.889504843
163.735908659
176.158936757
175.643818693
170.574761827
169.293161342
168.853343556
169.652368793
172.829010039
175.153637412
178.663384656
182.307709045
188.729659365
197.127580854
214.183681103
231.068575536
235.084855279
0.000000000
0.000000000
449.676036398
458.380676840
468.835155857
0.000000000
0.000000000
0.000000000
0.000000000
265.492182524
282.800470527
298.981997414
300.734284572
301.348007158
302.111673398
302.863310529
303.340372101
303.763200196
305.656203492
306.469505415
308.686972928
311.188038108
313.448864676
313.988700633
314.039793144
314.567855046
315.719832929
317.885761424
319.977119382
322.294673161
323.932460725
322.387888309
0.000000000
0.000000000
0.000000000
0.000000000
0.000000000
0.000000000
0.000000000
0.000000000
0.000000000
0.000000000
0.000000000
0.000000000
0.000000000
0.000000000
0.000000000
0.000000000
0.000000000
0.000000000
0.000000000
0.000000000
0.000000000
0.000000000
0.000000000
0.000000000
0.000000000
0.000000000
0.000000000
0.000000000
0.000000000
0.000000000
0.000000000
301.401959332
290.041232054
281.799833188
273.356072492
267.638307049
260.177740039
256.675219874
255.477921604
254.921933638
254.624163072
254.967301443
256.124377268
257.540305039
260.073204324
262.903011182
265.721567248
273.589491714
279.033839832
252.138836985
0.000000000
0.000000000
0.000000000
0.000000000
0.000000000
0.000000000
0.000000000
0.000000000
0.000000000
251.551808303
247.036952683
241.194938535
224.438723579
210.427067034
201.756755076
198.691858436
199.590128103
203.590237344
208.440040310
213.851442722
224.272967161
243.921928327
251.035748773
263.241389699
269.493706521
270.659150198
273.527766416
282.159004557
294.756872731
296.949157407
293.682327635
284.172980366
274.089943019
265.061161636
254.738225475
246.155333449
237.091784946
229.151178454
225.181920165
222.503848888
219.548086864
213.840297377
212.120773281
211.814120274
209.397538685
204.735617984
200.317912918
0.000000000
0.000000000
0.000000000
0.000000000
224.869396560
213.780655878
195.560787337
191.106624191
182.788109179
176.684349622
164.212027674
162.515288842
157.902332750
156.926484718
156.335966416
152.476255540
149.518148344
144.950667863
143.429476981
144.211263502
152.640093586
156.487570060
157.905068575
159.060876078
164.122391529
178.456689253
191.145231245
199.721579715
205.522905602
0.000000000
0.000000000
0.000000000
0.000000000
0.000000000
0.000000000
0.000000000
0.000000000
253.104340150
244.971346374
230.363795990
226.238180087
223.417617620
218.957433303
214.169925502
208.360779395
203.625251551
199.552753531
194.195000605
187.764912803
181.636110903
176.301482395
172.507697049
168.773685200
165.300287520
163.608462080
163.343990311
166.037924031
169.359733002
171.272750203
172.915052627
176.158545169
182.556693225
195.876718523
211.407432617
237.015511326
253.669023762
258.311019147
265.795759844
277.494555054
292.944049978
307.443564175
314.338184202
320.321147827
328.122880795
332.431406533
333.274520937
337.456354631
342.169057679
345.860625277
349.263690209
352.268048528
355.291745268
354.653713379
355.598861872
353.961550160
0.000000000
0.000000000
0.000000000
0.000000000
0.000000000
0.000000000
0.000000000
0.000000000
0.000000000
0.000000000
0.000000000
0.000000000
0.000000000
390.820448992
388.576250913
389.190086988
386.182417727
380.256939835
373.127829931
364.908901345
355.122350481
346.321908362
335.295418300
323.394286146
309.468801546
291.371346036
271.422354391
241.052540249
227.611239822
206.754156876
197.822697252
187.721615280
185.674853679
193.596249888
197.081997796
0.000000000
0.000000000
0.000000000
0.000000000
0.000000000
0.000000000
0.000000000
0.000000000
0.000000000
0.000000000
0.000000000
0.000000000
0.000000000
0.000000000
0.000000000
0.000000000
0.000000000
0.000000000
0.000000000
0.000000000
0.000000000
0.000000000
0.000000000
0.000000000
0.000000000
0.000000000
