0.000000000
0.000000000
0.000000000
0.000000000
0.000000000
0.000000000
0.000000000
0.000000000
0.000000000
0.000000000
0.000000000
0.000000000
0.000000000
0.000000000
0.000000000
0.000000000
0.000000000
0.000000000
0.000000000
0.000000000
0.000000000
0.000000000
0.000000000
0.000000000
0.000000000
0.000000000
0.000000000
0.000000000
0.000000000
0.000000000
0.000000000
0.000000000
0.000000000
0.000000000
0.000000000
271.283678396
272.294579989
273.952315841
258.157697433
248.456778382
244.143708146
244.115478978
246.153359862
249.925870748
254.548451469
263.392580693
272.697418533
282.155402703
291.741044545
305.370475337
317.561038342
330.166470898
345.019555040
351.733033190
350.478251211
340.309082079
323.102758781
310.169307570
299.793008941
288.435370695
274.590461751
264.784533348
259.802286027
255.349658789
250.341893704
246.258600451
241.282976691
236.656709333
227.800889883
220.350718238
215.788342900
209.086955962
198.199775088
192.966490171
193.363215435
0.000000000
0.000000000
0.000000000
0.000000000
0.000000000
0.000000000
0.000000000
0.000000000
0.000000000
0.000000000
303.196533051
302.950590329
305.635636261
311.530274352
315.540670352
316.405140381
316.665862118
317.214146902
317.484720195
318.944196630
320.053876011
320.352600906
320.568049311
320.570131469
319.159596586
315.992405144
310.628812108
301.524265207
289.413903482
272.087932587
263.125960541
260.074595370
253.384298720
228.359939973
224.490651781
212.629231842
193.167681198
190.422958705
189.926551373
190.196078753
191.250651955
193.681928398
197.892162962
201.048323979
207.055198575
211.185255313
217.193551686
225.337027699
237.081856631
246.463734297
253.684607217
266.214568592
275.502248001
281.581811011
288.337611134
294.931594535
298.636500255
302.670937040
0.000000000
0.000000000
0.000000000
0.000000000
0.000000000
0.000000000
0.000000000
0.000000000
0.000000000
280.742596972
262.677911339
258.515270040
252.179127108
244.538718509
238.390237117
235.590599324
234.501296044
236.698003826
240.500812816
247.118427420
264.974462343
281.134175092
313.326654199
328.141764706
336.614329433
335.678412802
326.731934653
0.000000000
0.000000000
0.000000000
0.000000000
0.000000000
0.000000000
379.512882677
373.022239848
376.306003518
377.501643098
374.561745110
371.401583792
367.562668454
363.435467994
356.740975208
346.081524953
334.537688574
322.865019690
314.455452873
308.556061159
300.875698253
291.636715849
282.370192665
274.549926405
271.330770938
271.963601454
272.767041216
272.221580487
268.194832961
265.236497628
260.697467650
256.865579578
251.729612837
249.124970562
246.884754442
245.331877366
245.210627884
245.797140406
246.497503727
247.491064610
246.400030674
248.645204875
250.511033347
247.824764219
240.638795605
241.875154247
0.000000000
0.000000000
289.178022890
284.217239062
276.221253371
269.734671842
265.012185227
259.966761206
255.133628392
250.470362809
247.126306834
242.537168551
238.753596390
235.491471959
232.916342147
228.865185347
223.184655947
218.555423088
213.748528374
210.094935491
206.794525247
202.912105522
198.654005875
192.654878979
187.497082153
183.834149916
180.473993205
176.618221207
173.368737171
169.549959651
165.792343295
162.885098877
160.006391088
157.171235577
154.400099106
152.946357385
152.772257719
152.294720236
141.883744237
142.020554554
138.668321428
133.195956890
127.249552584
125.702311785
126.846533486
125.855913626
117.756907867
116.367518617
0.000000000
0.000000000
0.000000000
0.000000000
0.000000000
0.000000000
0.000000000
0.000000000
0.000000000
0.000000000
0.000000000
0.000000000
0.000000000
0.000000000
0.000000000
0.000000000
0.000000000
0.000000000
0.000000000
0.000000000
0.000000000
0.000000000
0.000000000
0.000000000
0.000000000
0.000000000
0.000000000
0.000000000
0.000000000
