000001.TextGrid	a2	0.110	262	262	263	265	268	273	278	285	293	303	185.0297273413113	125.41132325272706	444.2398001080047	125.27968710050325	502.4589535474515	125.27968710050325	4	NO
000001.TextGrid	er2	0.098	303	313	322	331	338	341	341	338	333	328	44.04543109109048	284.33782724076656	579.7628825649327	221.35265979879256	665.7244174581551	44.04543109109048	1	NO
000001.TextGrid	u3	0.157	291	271	247	225	211	204	200	199	198	199	346.52994098634537	195.28696833122277	234.76371099469355	145.83552379307312	324.8784388044242	145.83552379307312	4	NO
000001.TextGrid	ei2	0.140	219	224	225	225	224	227	233	242	254	267	310.0483833210552	108.20351195779183	358.89692113474587	166.53828388691892	378.8812478864585	108.20351195779183	2	YES
000001.TextGrid	uai4	0.212	267	288	303	303	291	274	258	249	249	254	180.94197965093673	199.60961900670017	401.0797925600341	60.6217782649107	482.747345927453	60.6217782649107	4	YES
000001.TextGrid	uen1	0.192	305	311	313	315	318	322	325	323	314	297	52.392747589718944	247.46919000150302	527.4732220691398	170.0823330037544	616.5825167810063	52.392747589718944	1	YES
000001.TextGrid	uan2	0.181	297	276	253	235	229	238	261	290	310	314	226.10395839082517	75.7429864739964	424.60805456326426	145.06550244630873	492.4835022617509	75.7429864739964	2	YES
000001.TextGrid	ua2	0.173	243	225	209	198	193	197	208	224	238	248	362.34927901128765	127.7614965472775	304.18744221285664	194.20607611503817	326.37095459001864	127.7614965472775	2	YES
000001.TextGrid	i1	0.203	305	308	311	314	317	320	322	324	325	325	60.73713855624086	242.5551483683659	541.7360981142017	185.0837648201484	627.3627339904722	60.73713855624086	1	YES
000002.TextGrid	ia2	0.239	269	263	253	253	267	292	320	336	324	297	172.45289211839852	155.22886329545804	496.708163814528	177.69355643916862	553.8673126300197	155.22886329545804	2	YES
000002.TextGrid	v3	0.150	297	279	266	255	246	236	226	216	208	206	283.33901955078477	192.06509313251067	287.34648075102643	81.78019320104349	383.5674647307824	81.78019320104349	4	NO
000002.TextGrid	uen1	0.178	298	307	313	317	318	319	318	313	301	283	64.45928947793328	243.23445479619042	509.30540935670416	151.3935269422045	597.9113646687107	64.45928947793328	1	YES
000002.TextGrid	ian2	0.333	283	244	207	194	205	228	261	287	297	292	291.86640779644375	41.83300132670378	399.66110643894285	184.70246343782208	444.3748417721237	41.83300132670378	2	YES
000002.TextGrid	ie2	0.178	273	260	248	242	244	259	284	311	329	339	211.22263136321354	98.75727821279807	477.549997382473	180.93092604637826	530.2414544337324	98.75727821279807	2	YES
000002.TextGrid	ai4	0.179	370	373	372	365	352	335	317	301	287	277	94.27088627991147	348.61009738675097	546.9259547690162	212.54646550813308	673.017087450237	94.27088627991147	1	NO
000002.TextGrid	iong1	0.219	277	271	264	256	250	247	247	248	250	260	233.67070847669376	130.91218430688565	359.21720448775835	72.56031973468694	432.15622175319885	72.56031973468694	4	NO
000002.TextGrid	ao4	0.227	271	271	260	249	239	229	218	208	197	186	313.55063386955544	206.52360639888118	266.71145457216494	115.1911454930456	350.149967870911	115.1911454930456	4	YES
000002.TextGrid	uo3	0.299	186	173	163	154	145	133	124	119	119	119	590.5378904016236	380.14339399758086	212.92721761202816	396.8626966596886	73.00684899377592	73.00684899377592	5	NO
000003.TextGrid	ao2	0.182	261	257	251	249	252	262	279	299	315	323	206.24257562394823	99.38812806366765	460.8915273684254	160.0905993492435	511.6786100669052	99.38812806366765	2	YES
000003.TextGrid	a3	0.178	313	298	279	259	241	226	215	209	210	217	284.07217392768337	198.69826370655582	281.9255220798571	80.83316151184488	393.6775330140139	80.83316151184488	4	NO
000003.TextGrid	ei4	0.130	280	290	293	290	283	273	264	255	247	245	183.63006289820848	189.53100010288554	390.275543686765	43.53159771935783	476.5049842341631	43.53159771935783	4	YES
000003.TextGrid	ua4	0.213	266	268	260	246	234	223	215	209	206	208	309.6498021959646	185.5505322007997	275.85865946168883	112.68540278137182	352.12497781327585	112.68540278137182	4	YES
000003.TextGrid	o3	0.136	210	204	196	187	179	172	166	162	159	159	475.9663853677064	277.34094540835474	210.70121024806667	284.3255176729658	185.5559214899918	185.5559214899918	5	NO
000003.TextGrid	uo2	0.176	169	171	172	175	183	198	228	283	355	404	414.9481895369589	169.4166461715023	519.7393577554042	346.8558778513058	488.1055213783184	169.4166461715023	2	YES
000003.TextGrid	an1	0.306	404	371	307	300	304	309	314	318	321	320	119.2895636675732	276.92959394040935	529.7235127875673	202.89652535221	653.1699625671713	119.2895636675732	1	YES
000003.TextGrid	sp1	0.250	320	319	317	315	313	312	310	308	307	305	60.76183012385325	239.85412233272123	511.0626184725312	153.95129099815955	607.2256582194135	60.76183012385325	1	YES
000003.TextGrid	iao1	0.178	292	281	269	260	257	257	259	263	264	260	205.80087463370995	136.5576801208925	380.2065228267395	63.28506932918696	461.24722221385787	63.28506932918696	4	NO
000003.TextGrid	an2	0.162	247	238	224	212	207	212	224	240	256	269	318.70519292913946	90.59249417032296	337.98520677686474	164.24372134118246	372.4728178001718	90.59249417032296	2	YES
000003.TextGrid	van4	0.213	269	282	285	274	255	237	224	216	210	208	273.3093485411723	203.25353625460002	304.3271266252813	77.60798927945498	391.70014041355665	77.60798927945498	4	YES
000003.TextGrid	en3	0.288	210	191	169	157	150	152	165	190	213	230	477.5301037631031	222.22286111019272	279.46377224964243	302.6218762746672	236.35143325141905	222.22286111019272	2	NO
000003.TextGrid	ong3	0.257	239	228	213	199	184	172	167	171	186	217	426.0727637387774	216.6887168266959	227.21135535003526	234.83398391203946	246.66779279022222	216.6887168266959	2	NO
000003.TextGrid	ueng1	0.219	217	250	279	304	323	335	344	351	355	359	165.13933510826547	254.37963754986365	603.703569643248	264.23095957892593	645.8451826869966	165.13933510826547	1	YES
000003.TextGrid	a4	0.239	386	382	366	342	306	260	218	197	195	195	268.895890634275	350.204226130982	371.5400382193015	168.606049713526	532.7344554278426	168.606049713526	4	YES
000004.TextGrid	eng4	0.164	367	366	363	357	348	336	323	311	301	293	72.53275122315436	335.98065420497056	556.8141521189992	214.79292353334176	677.7300347483502	72.53275122315436	1	NO
000004.TextGrid	iao3	0.163	276	261	236	211	193	184	181	182	188	195	390.1499711649355	213.5954119357436	206.8622730224146	190.3365440476421	282.2977151873532	190.3365440476421	4	NO
000004.TextGrid	ing2	0.254	232	223	216	218	228	250	282	307	315	309	269.2953768633988	80.85790004693419	456.27732794869394	203.44286667268528	479.9739576268696	80.85790004693419	2	YES
000004.TextGrid	v3	0.220	309	299	286	268	247	226	206	195	196	212	295.3100066032304	220.3088740836374	272.2223356008834	93.47192091746055	386.9431482789171	93.47192091746055	4	NO
000004.TextGrid	a4	0.140	305	308	302	292	280	269	258	248	239	233	189.40960904874916	207.45119908065126	374.2285397988774	19.77371993328519	478.1328267333252	19.77371993328519	4	YES
000004.TextGrid	ie4	0.062	246	246	245	244	241	237	232	226	219	212	298.4928809871351	167.1825349730049	309.62073573971105	119.63695081370136	362.2581952144078	119.63695081370136	4	YES
000004.TextGrid	er3	0.168	212	193	177	167	162	161	161	163	170	182	492.6804238043156	269.15051551130273	227.46208475260224	304.59973736035954	182.44177153272767	182.44177153272767	5	NO
000004.TextGrid	uei4	0.181	287	295	290	279	265	253	247	246	252	262	203.66639388961548	164.65114636709944	372.9839138622469	41.12177038990418	461.5593136315202	41.12177038990418	4	YES
000004.TextGrid	u4	0.207	262	277	287	288	279	259	235	213	208	208	255.62081292414356	220.01818106692912	330.3044050569111	76.71375365604267	412.5299989091702	76.71375365604267	4	YES
000005.TextGrid	ao2	0.175	244	239	242	257	285	320	349	367	373	370	207.04588863341382	217.5453975610608	597.8135160733655	277.82188538702275	636.4345999393811	207.04588863341382	1	NO
000005.TextGrid	u3	0.124	298	281	261	240	221	210	205	207	214	223	312.64996401726967	176.11359970201053	266.14094010505033	113.30048543585328	361.09693989287695	113.30048543585328	4	NO
000005.TextGrid	iou4	0.233	223	256	306	348	366	361	340	310	274	242	151.28119513012845	311.48675734290856	547.0786049554488	216.5848563496534	605.1388270471496	151.28119513012845	1	NO
000005.TextGrid	ai3	0.300	221	205	184	170	162	158	155	154	163	188	491.35933897708713	271.1235880553369	212.00235847744713	299.96166421727963	182.0686683644388	182.0686683644388	5	NO
000005.TextGrid	sp1	0.081	188	195	200	205	210	215	219	223	228	231	377.25323060246944	167.6186147180557	331.38346367916427	221.2487288099075	315.1237852019425	167.6186147180557	2	NO
000005.TextGrid	v2	0.150	231	237	243	249	259	272	285	293	295	293	221.4294470028772	117.23907198540937	448.63570967991393	158.13917920616638	485.42764651387546	117.23907198540937	2	YES
000005.TextGrid	ong3	0.152	255	239	219	201	189	186	189	200	218	242	378.0661317812004	158.21504353252885	266.41884317742995	195.15378551286162	303.3694117738306	158.21504353252885	2	NO
000005.TextGrid	u4	0.126	242	263	282	295	303	305	299	288	274	259	157.35310610216754	200.61405733397646	459.72274253075625	125.27170470621049	519.7951519589232	125.27170470621049	4	YES
000005.TextGrid	van3	0.164	231	218	200	181	166	156	153	154	157	160	487.20632179806535	284.22878109016335	181.93680221439533	290.6733561921354	177.8566838777784	177.8566838777784	5	NO
000005.TextGrid	uan2	0.244	160	167	173	174	177	187	214	262	301	311	419.0083531386934	155.37052487521564	430.8027390813573	305.76298010060015	385.86655724485894	155.37052487521564	2	YES
000005.TextGrid	ua3	0.267	263	225	183	154	133	114	105	107	107	107	591.4423048785063	392.9681920970195	122.73141407154078	388.94344061829867	120.64410470470574	120.64410470470574	5	NO
