fileName	name	duration	Pitch1	Pitch2	Pitch3	Pitch4	Pitch5	Pitch6	Pitch7	Pitch8	Pitch9	Pitch10
000006.TextGrid	en1	0.160	316	311	305	302	302	303	304	306	307	306
000006.TextGrid	ang2	0.277	273	244	214	203	208	219	236	256	267	270
000006.TextGrid	ve1	0.295	270	281	296	303	298	293	295	299	297	280
000006.TextGrid	u2	0.185	280	266	255	252	264	292	327	349	351	337
000006.TextGrid	iii3	0.065	246	239	232	225	220	217	216	216	220	224
000006.TextGrid	er4	0.213	224	246	271	296	311	310	294	274	258	250
000006.TextGrid	uen4	0.213	270	270	258	239	223	208	193	178	166	160
000006.TextGrid	u3	0.128	160	160	160	161	160	157	153	149	149	155
000006.TextGrid	en1	0.227	278	291	300	309	315	319	322	327	332	336
000006.TextGrid	uo4	0.162	350	345	336	321	302	283	263	241	219	200
000006.TextGrid	i3	0.151	200	185	174	167	163	159	157	157	161	174
000006.TextGrid	ang4	0.212	322	338	335	320	296	266	237	215	204	203
000007.TextGrid	ao4	0.206	342	345	342	332	318	302	287	273	254	240
000007.TextGrid	i2	0.283	230	217	208	212	223	237	251	265	275	282
000007.TextGrid	ve1	0.237	282	291	305	323	333	333	333	332	322	306
000007.TextGrid	ao2	0.136	254	246	239	235	238	247	259	270	277	281
000007.TextGrid	vn2	0.165	281	285	291	298	305	310	314	318	317	310
000007.TextGrid	eng2	0.191	218	200	189	186	190	199	213	233	253	270
000007.TextGrid	v4	0.101	308	303	295	283	269	254	239	225	214	207
000007.TextGrid	uei3	0.214	200	192	177	164	185	264	317	264	182	161
000007.TextGrid	u1	0.344	161	193	230	261	279	290	297	305	312	313
000008.TextGrid	an2	0.236	272	261	248	250	273	308	342	372	391	391
000008.TextGrid	in3	0.158	283	258	231	206	189	181	179	180	184	193
000008.TextGrid	uei1	0.147	269	279	283	284	285	286	287	288	286	284
000008.TextGrid	iou3	0.419	284	277	233	181	162	157	151	160	207	235
000008.TextGrid	an3	0.217	257	246	228	214	203	197	194	193	191	187
000008.TextGrid	van2	0.252	187	187	192	192	190	193	207	240	280	306
000008.TextGrid	ve4	0.120	346	337	319	297	273	251	233	218	209	203
000008.TextGrid	uei2	0.317	191	177	168	167	166	172	193	232	272	281
000009.TextGrid	i2	0.211	260	258	257	258	262	268	278	290	298	297
000009.TextGrid	an3	0.166	267	249	227	211	201	197	197	200	205	213
000009.TextGrid	v1	0.107	266	276	284	292	297	300	299	295	288	279
000009.TextGrid	er2	0.177	279	261	243	228	220	221	231	246	259	263
000009.TextGrid	ong2	0.200	227	215	204	201	205	213	228	247	264	271
000009.TextGrid	e2	0.127	252	245	236	230	230	237	249	263	276	288
000009.TextGrid	iou4	0.210	288	313	343	368	376	364	335	304	289	305
000009.TextGrid	uo1	0.111	317	292	276	265	258	252	248	244	240	236
000009.TextGrid	er2	0.143	236	230	224	218	213	211	211	211	211	213
000009.TextGrid	ong2	0.192	231	223	216	216	219	219	214	205	196	188
000009.TextGrid	uei2	0.152	188	185	183	183	185	190	200	211	221	226
000009.TextGrid	u3	0.276	232	209	177	160	148	121	95	95	95	95
000010.TextGrid	e1	0.139	430	390	373	369	370	371	370	365	359	354
000010.TextGrid	e4	0.121	352	355	355	350	340	324	308	292	279	268
000010.TextGrid	i1	0.201	237	231	227	227	229	235	245	258	268	273
000010.TextGrid	en1	0.136	310	310	306	302	299	297	295	294	294	295
000010.TextGrid	uan1	0.210	317	314	303	297	300	304	304	305	312	327
000010.TextGrid	ao4	0.188	360	360	352	340	322	301	277	254	232	213
000010.TextGrid	uen2	0.200	213	198	187	181	180	186	200	220	240	260
000010.TextGrid	a4	0.223	291	293	284	268	249	233	227	231	239	246
000010.TextGrid	i1	0.259	246	257	269	277	283	285	287	289	291	292
000011.TextGrid	in3	0.208	262	256	250	244	236	227	222	220	219	219
000011.TextGrid	ai2	0.157	228	221	212	206	206	211	222	240	261	282
000011.TextGrid	iao4	0.200	282	303	316	318	311	296	280	269	265	268
000011.TextGrid	ai1	0.284	317	318	312	310	310	312	314	315	315	319
000011.TextGrid	sp1	0.075	319	321	324	326	329	332	335	339	344	349
000011.TextGrid	iong4	0.209	349	368	378	372	355	335	313	291	269	253
000011.TextGrid	ai2	0.243	218	202	191	192	205	231	264	291	309	316
000011.TextGrid	ie3	0.213	316	307	281	250	225	206	188	174	167	164
000011.TextGrid	iao4	0.262	164	173	214	269	311	334	332	310	280	257
000011.TextGrid	ai1	0.284	244	221	208	205	207	210	214	221	228	228
000012.TextGrid	an2	0.207	246	239	233	232	236	248	270	291	305	316
000012.TextGrid	ve4	0.233	316	331	340	341	329	309	289	275	272	294
000012.TextGrid	uen1	0.104	368	355	348	348	350	352	353	352	349	346
000012.TextGrid	uen2	0.156	330	313	292	271	258	256	261	269	276	282
000012.TextGrid	an1	0.280	318	313	301	299	302	306	310	314	313	300
000012.TextGrid	sp1	0.062	300	296	292	288	284	279	274	269	263	257
000012.TextGrid	v3	0.170	257	241	226	214	202	193	186	183	185	193
000012.TextGrid	i1	0.106	297	306	314	322	329	335	338	339	339	339
000012.TextGrid	ang4	0.179	362	359	347	329	307	282	258	238	227	223
000012.TextGrid	ie1	0.148	237	236	232	227	223	222	224	226	226	223
000012.TextGrid	ang3	0.199	174	160	150	143	139	137	140	151	164	164
000013.TextGrid	ueng1	0.232	317	324	342	357	364	367	367	366	369	367
000013.TextGrid	ai3	0.118	297	281	263	242	223	208	198	192	189	188
000013.TextGrid	an2	0.284	184	181	181	185	196	220	260	296	310	308
000013.TextGrid	ang2	0.193	283	275	271	279	297	319	338	349	347	333
000013.TextGrid	u3	0.120	266	248	229	213	201	193	190	190	195	205
000013.TextGrid	ian4	0.140	300	308	308	301	290	276	261	246	231	218
000013.TextGrid	ai2	0.138	218	207	201	199	203	212	223	235	244	252
000013.TextGrid	van1	0.116	286	287	286	285	285	285	284	283	280	276
000013.TextGrid	uan2	0.143	255	240	220	201	190	188	192	200	210	223
000013.TextGrid	ao4	0.226	258	262	252	236	216	195	178	168	168	168
000014.TextGrid	uo3	0.193	260	259	254	247	239	234	230	230	256	339
000014.TextGrid	uei2	0.313	319	243	227	223	228	249	277	303	317	331
000014.TextGrid	iou4	0.220	331	351	370	381	381	366	343	323	313	311
000014.TextGrid	eng1	0.172	341	341	342	345	351	356	359	360	358	355
000014.TextGrid	eng5	0.227	338	295	252	230	220	215	214	216	220	225
000014.TextGrid	uo3	0.179	237	231	219	204	188	174	165	162	164	174
000014.TextGrid	eng1	0.187	269	286	301	315	328	338	345	350	352	351
000014.TextGrid	eng5	0.231	314	269	223	194	174	160	155	165	178	181
000015.TextGrid	u2	0.212	282	283	292	311	336	357	365	358	343	325
000015.TextGrid	vn2	0.208	325	310	297	292	296	309	328	345	350	344
000015.TextGrid	ao2	0.171	323	309	293	281	277	284	302	325	344	354
000015.TextGrid	ai3	0.143	351	341	324	301	274	245	219	201	191	185
000015.TextGrid	ai5	0.214	182	180	178	178	177	177	177	179	185	200
000015.TextGrid	iao1	0.138	277	283	285	283	280	278	278	279	279	277
000015.TextGrid	van3	0.147	255	235	214	197	187	182	181	181	182	183
000015.TextGrid	i2	0.133	210	216	226	240	259	280	297	307	307	300
000015.TextGrid	a2	0.272	227	202	187	181	182	189	207	239	266	270
000016.TextGrid	ii3	0.096	273	268	262	255	249	245	244	246	251	257
000016.TextGrid	uai4	0.267	257	283	301	298	286	272	259	250	245	245
000016.TextGrid	uang2	0.239	256	245	236	242	269	308	342	367	378	376
000016.TextGrid	en3	0.298	347	285	221	189	178	171	167	167	170	181
000016.TextGrid	sp1	0.088	181	185	189	193	197	201	205	209	212	215
000016.TextGrid	ie3	0.133	215	219	219	217	214	211	209	208	209	214
000016.TextGrid	iang1	0.161	251	254	249	244	240	239	237	234	229	222
000016.TextGrid	iou2	0.248	222	215	204	192	189	193	204	226	252	270
000016.TextGrid	ao4	0.158	377	374	362	346	330	315	301	291	285	287
000016.TextGrid	uang4	0.183	331	336	328	312	293	276	264	258	257	260
000016.TextGrid	ai4	0.118	285	281	273	261	246	233	221	211	204	200
000016.TextGrid	ang2	0.183	203	197	188	183	185	196	213	232	247	255
000016.TextGrid	uan3	0.306	253	219	186	168	155	144	140	138	151	159
000017.TextGrid	iou4	0.205	372	376	379	374	362	346	327	310	295	281
000017.TextGrid	an2	0.215	255	247	241	242	251	270	299	329	349	357
000017.TextGrid	u3	0.250	357	353	335	305	266	227	200	187	184	185
000017.TextGrid	iao2	0.185	189	191	192	194	202	223	259	301	332	349
000017.TextGrid	iao3	0.371	350	314	244	181	157	141	136	136	138	150
000017.TextGrid	sp1	0.190	150	157	164	171	178	185	192	199	206	213
000017.TextGrid	uo3	0.151	243	243	238	230	223	216	211	207	204	205
000017.TextGrid	iong2	0.250	231	223	211	207	210	219	234	251	264	274
000017.TextGrid	e1	0.180	309	316	319	320	320	321	324	324	321	316
000017.TextGrid	i1	0.134	322	322	323	323	323	322	320	318	315	313
000017.TextGrid	i1	0.237	305	307	308	306	305	308	311	315	318	318
000018.TextGrid	ian3	0.219	262	261	256	245	229	215	209	209	215	226
000018.TextGrid	uang4	0.264	312	320	307	290	276	263	255	254	257	264
000018.TextGrid	uan1	0.186	331	345	353	354	353	353	356	360	362	362
000018.TextGrid	uo4	0.133	354	348	336	317	296	276	259	245	233	223
000018.TextGrid	er2	0.193	223	211	204	202	206	215	228	243	256	274
000018.TextGrid	i1	0.153	315	322	328	334	339	343	347	348	346	338
000018.TextGrid	ai3	0.382	338	294	228	186	166	149	136	131	137	152
000018.TextGrid	sp1	0.208	152	161	170	179	188	197	206	215	225	234
000018.TextGrid	i2	0.213	248	249	253	265	286	315	345	364	368	363
000018.TextGrid	uan3	0.187	324	283	239	204	185	178	175	174	171	169
000018.TextGrid	er2	0.206	169	167	168	170	173	176	181	191	204	219
000018.TextGrid	uan1	0.267	308	324	323	322	325	329	336	347	357	359
000019.TextGrid	ia2	0.190	269	261	251	248	257	277	303	326	336	335
000019.TextGrid	u3	0.088	286	277	266	255	243	234	227	222	221	223
000019.TextGrid	ian4	0.162	279	277	268	256	245	236	228	221	215	212
000019.TextGrid	ia2	0.247	212	206	197	193	194	197	202	216	237	250
000019.TextGrid	eng2	0.152	265	258	247	238	235	241	251	265	279	294
000019.TextGrid	en4	0.161	329	333	326	311	295	283	278	279	285	293
000019.TextGrid	u1	0.187	293	302	310	316	324	335	348	354	347	328
000019.TextGrid	i2	0.225	209	197	192	191	195	205	221	241	258	266
000019.TextGrid	sp1	0.391	266	267	264	261	258	255	252	249	246	243
000019.TextGrid	ua3	0.174	243	241	235	227	219	214	211	208	206	205
000019.TextGrid	iao2	0.183	205	206	207	209	212	218	227	238	249	259
000019.TextGrid	uen1	0.183	307	313	311	307	304	304	307	312	314	311
000019.TextGrid	uei3	0.139	257	241	222	205	193	186	183	186	194	213
000019.TextGrid	uei4	0.159	213	243	275	296	303	300	289	274	257	242
000019.TextGrid	eng2	0.179	207	201	200	209	230	263	295	319	330	333
000019.TextGrid	ang3	0.324	317	269	212	164	133	128	133	125	116	116
000020.TextGrid	uo4	0.121	362	357	351	344	336	329	322	314	308	305
000020.TextGrid	ii1	0.107	335	339	341	342	340	337	334	331	330	329
000020.TextGrid	ian4	0.241	329	331	326	311	296	285	277	273	269	271
000020.TextGrid	u4	0.179	333	349	348	339	326	313	300	285	272	270
000020.TextGrid	ei4	0.148	286	288	285	280	274	270	267	264	261	260
000020.TextGrid	iou4	0.150	314	315	308	295	282	269	257	244	231	218
000020.TextGrid	u3	0.130	187	180	173	167	161	157	154	153	158	168
000020.TextGrid	ou1	0.276	230	253	269	283	290	294	297	302	306	312
000020.TextGrid	ing4	0.187	373	375	375	365	344	321	300	283	268	258
000020.TextGrid	an3	0.202	245	225	201	183	174	170	169	170	170	169
000020.TextGrid	e2	0.152	182	184	191	206	232	264	294	316	328	330
000020.TextGrid	uo3	0.301	233	201	175	154	136	124	117	111	150	187
000021.TextGrid	ie3	0.142	274	272	268	262	255	247	240	233	228	226
000021.TextGrid	e2	0.089	268	272	276	279	282	285	289	295	300	306
000021.TextGrid	i3	0.268	306	314	303	286	271	257	245	236	226	226
000021.TextGrid	ei3	0.165	248	248	242	234	228	223	219	215	213	217
000021.TextGrid	en2	0.149	231	234	237	244	256	273	292	309	322	332
000021.TextGrid	uei3	0.180	332	337	333	317	290	260	234	213	199	191
000021.TextGrid	van2	0.216	191	190	192	191	190	197	217	249	282	300
000021.TextGrid	an3	0.202	288	259	226	202	189	183	183	188	202	229
000021.TextGrid	ing4	0.223	229	275	318	345	354	354	345	329	310	294
000021.TextGrid	iou5	0.267	294	285	279	268	259	257	259	263	269	270
000022.TextGrid	iao2	0.194	243	243	240	237	242	264	299	336	361	368
000022.TextGrid	an2	0.173	339	322	306	297	294	297	303	312	317	317
000022.TextGrid	ai2	0.216	269	254	236	224	225	233	246	259	270	285
000022.TextGrid	ai4	0.153	325	328	323	313	302	290	277	263	248	234
000022.TextGrid	uei2	0.169	234	223	216	213	212	216	225	235	242	251
000022.TextGrid	ian4	0.250	292	291	271	248	230	218	210	201	194	209
000022.TextGrid	sp1	0.083	209	217	227	236	246	257	267	278	289	300
000022.TextGrid	ing1	0.173	300	322	341	353	360	362	360	354	341	320
000022.TextGrid	er2	0.174	320	294	266	244	229	224	229	239	250	259
000022.TextGrid	ei4	0.115	294	291	281	267	253	242	236	234	235	240
000022.TextGrid	ang1	0.149	280	291	299	304	310	313	314	311	306	298
000022.TextGrid	ai2	0.182	273	247	219	201	197	204	219	238	253	257
000022.TextGrid	en3	0.256	223	198	173	156	140	127	110	92	83	83
000023.TextGrid	e4	0.252	337	344	346	338	329	318	305	293	281	267
000023.TextGrid	v4	0.199	267	261	262	265	264	258	251	243	234	223
000023.TextGrid	u2	0.160	220	228	236	247	265	290	316	335	344	343
000023.TextGrid	uan3	0.211	343	330	304	264	221	189	172	168	171	182
000023.TextGrid	u1	0.221	270	285	291	293	294	296	297	291	280	267
000023.TextGrid	v2	0.126	211	208	208	211	217	224	230	235	241	248
000023.TextGrid	i4	0.181	280	282	274	262	251	245	242	243	251	270
000023.TextGrid	a4	0.153	323	330	327	317	303	288	274	261	252	248
000023.TextGrid	ao4	0.185	253	252	245	234	222	210	201	194	190	184
000023.TextGrid	v3	0.290	184	171	162	161	160	152	134	129	172	187
000024.TextGrid	i3	0.136	254	252	249	245	241	238	235	234	235	240
000024.TextGrid	ia4	0.244	308	310	297	281	268	259	253	248	241	233
000024.TextGrid	uei2	0.223	233	228	229	229	225	225	236	255	270	277
000024.TextGrid	ve1	0.120	326	333	339	343	345	345	345	342	338	332
000024.TextGrid	an2	0.201	267	233	203	186	182	189	207	230	248	258
000024.TextGrid	ii5	0.159	269	264	251	237	222	209	201	202	212	226
000024.TextGrid	uan1	0.145	266	268	265	260	257	256	256	256	257	260
000024.TextGrid	ian3	0.141	257	246	227	204	183	169	163	164	170	180
000024.TextGrid	ai1	0.161	209	211	210	209	208	208	209	210	213	217
000024.TextGrid	iao4	0.262	217	223	220	208	193	179	170	172	183	190
000025.TextGrid	en2	0.166	274	271	271	278	295	315	330	338	337	329
000025.TextGrid	v2	0.149	329	315	298	283	274	273	280	292	302	308
000025.TextGrid	uo4	0.176	341	346	338	322	306	293	286	284	283	283
000025.TextGrid	ian4	0.310	283	297	317	303	261	224	200	187	214	248
000025.TextGrid	sp1	0.090	248	254	260	265	269	274	278	283	287	292
000025.TextGrid	i4	0.137	309	309	306	299	291	280	267	254	241	231
000025.TextGrid	ve4	0.230	231	225	230	241	243	231	210	192	184	188
000025.TextGrid	iou1	0.146	265	271	274	275	277	279	280	281	281	282
000025.TextGrid	ua1	0.255	298	289	280	279	280	280	281	284	290	292
000026.TextGrid	er2	0.236	238	238	239	240	246	263	291	320	334	329
000026.TextGrid	v3	0.098	235	227	220	214	210	207	206	208	214	225
000026.TextGrid	uan4	0.174	279	290	286	277	267	259	255	257	262	271
000026.TextGrid	ing1	0.260	271	293	312	323	329	335	341	346	348	347
000026.TextGrid	sp1	0.190	347	344	341	339	336	333	330	327	323	315
000026.TextGrid	i4	0.163	315	308	299	291	281	270	259	248	238	238
000026.TextGrid	iang1	0.188	289	295	292	290	292	295	293	285	269	251
000026.TextGrid	v2	0.216	251	231	218	212	213	221	235	251	264	268
000026.TextGrid	ing2	0.137	232	220	208	199	194	194	200	212	231	254
000026.TextGrid	iii4	0.132	322	326	327	321	309	291	270	248	230	220
000026.TextGrid	u1	0.113	256	258	258	257	254	250	244	239	235	235
000026.TextGrid	in4	0.261	256	259	246	223	192	161	144	143	143	143
000027.TextGrid	a1	0.172	313	313	314	319	324	329	333	333	328	320
000027.TextGrid	iao1	0.271	334	341	339	335	338	345	350	349	337	314
000027.TextGrid	sp1	0.061	314	308	302	296	291	285	280	274	269	263
000027.TextGrid	v2	0.159	263	251	244	245	254	270	286	292	285	268
000027.TextGrid	ai3	0.164	230	216	202	188	176	168	165	167	172	182
000027.TextGrid	uei4	0.212	182	204	224	232	230	223	214	208	205	207
000027.TextGrid	uei2	0.139	218	219	218	218	223	235	254	275	290	295
000027.TextGrid	en3	0.133	271	254	233	212	194	184	180	181	184	190
000027.TextGrid	ii1	0.095	239	244	247	251	254	256	260	266	279	300
000027.TextGrid	uang2	0.179	283	228	202	193	192	196	203	212	222	234
000027.TextGrid	uan1	0.258	279	273	263	262	264	268	272	275	280	281
000028.TextGrid	ang2	0.184	256	249	242	242	247	258	272	288	303	313
000028.TextGrid	u1	0.216	313	321	327	332	335	338	340	342	340	334
000028.TextGrid	ai3	0.131	277	256	234	215	199	189	182	180	181	185
000028.TextGrid	ai4	0.156	255	276	287	289	285	277	269	263	258	254
000028.TextGrid	i4	0.110	302	299	292	283	272	262	253	246	241	239
000028.TextGrid	ve1	0.241	239	249	273	295	304	304	304	306	303	293
000028.TextGrid	e2	0.092	254	249	244	241	239	240	243	247	251	256
000028.TextGrid	ou1	0.153	334	342	346	348	349	351	353	351	344	332
000028.TextGrid	iao2	0.297	230	193	166	158	158	162	178	218	259	270
000029.TextGrid	iou4	0.186	348	358	359	351	337	320	305	295	291	291
000029.TextGrid	uanr1	0.305	291	310	344	356	358	362	371	373	351	326
000029.TextGrid	ou1	0.141	312	306	299	293	289	286	282	274	265	259
000029.TextGrid	ei3	0.168	253	243	224	206	193	187	185	184	186	192
000029.TextGrid	uo2	0.167	211	215	218	223	232	245	262	273	272	262
000029.TextGrid	van2	0.242	262	249	234	214	201	200	211	233	257	277
000029.TextGrid	ian3	0.301	285	257	199	134	132	150	144	133	129	129
000030.TextGrid	ei1	0.167	359	361	364	366	367	366	363	358	352	346
000030.TextGrid	iong2	0.192	297	275	254	244	247	258	277	297	309	310
000030.TextGrid	uang3	0.148	271	255	233	214	202	196	196	199	203	210
000030.TextGrid	in4	0.196	242	248	245	237	228	223	219	217	214	214
000030.TextGrid	uang2	0.196	214	220	229	235	235	239	253	273	292	302
000030.TextGrid	ing2	0.130	300	295	289	285	285	289	296	302	308	312
000030.TextGrid	uei1	0.132	338	336	330	324	319	316	312	307	302	300
000030.TextGrid	ia1	0.163	324	324	320	315	313	313	314	315	317	322
000030.TextGrid	ou4	0.124	386	379	368	355	341	327	314	303	295	291
000030.TextGrid	van4	0.158	291	291	294	293	288	283	281	283	290	300
000030.TextGrid	i4	0.130	315	316	312	303	289	273	256	242	230	221
000030.TextGrid	iii2	0.234	177	172	170	171	174	183	206	240	268	273
000031.TextGrid	u2	0.121	242	243	248	254	262	271	282	293	304	313
000031.TextGrid	ia4	0.195	313	322	320	309	292	273	255	243	235	236
000031.TextGrid	vn1	0.281	276	301	314	317	317	321	327	329	325	312
000031.TextGrid	v3	0.211	312	295	273	250	230	213	201	194	193	208
000031.TextGrid	ang4	0.202	287	305	307	300	287	272	257	245	235	228
000031.TextGrid	u5	0.103	216	212	209	207	206	206	206	206	207	210
000031.TextGrid	ai4	0.164	315	326	327	316	296	274	251	230	215	208
000031.TextGrid	uei2	0.298	218	200	183	177	180	191	209	241	271	281
000032.TextGrid	ia4	0.188	324	325	324	318	312	307	300	293	287	288
000032.TextGrid	iao1	0.113	329	330	329	327	325	324	323	321	320	322
000032.TextGrid	uan1	0.174	344	342	337	334	334	335	331	321	305	286
000032.TextGrid	ian2	0.320	286	254	224	206	208	216	231	256	281	297
000032.TextGrid	uei4	0.196	297	309	325	334	331	319	301	283	270	264
000032.TextGrid	uei1	0.199	264	277	305	328	340	344	345	340	329	314
000032.TextGrid	ian2	0.292	222	200	191	186	184	193	215	247	274	292
000032.TextGrid	sp1	0.135	292	299	305	311	316	322	327	332	336	338
000032.TextGrid	i4	0.125	338	340	340	340	338	333	324	311	294	276
000032.TextGrid	ong2	0.141	249	251	256	265	277	287	292	290	282	271
000032.TextGrid	v2	0.157	271	261	257	262	273	290	308	324	333	334
000032.TextGrid	uei3	0.263	256	214	181	163	151	138	122	108	103	103
000033.TextGrid	van4	0.203	345	350	356	354	342	326	310	295	284	277
000033.TextGrid	iang2	0.252	251	227	205	198	200	210	228	253	275	290
000033.TextGrid	ei4	0.162	299	296	288	277	268	263	260	259	257	256
000033.TextGrid	iii2	0.069	266	268	270	274	277	281	285	289	292	295
000033.TextGrid	ian2	0.161	298	294	291	289	293	301	311	319	323	319
000033.TextGrid	ua3	0.263	319	297	261	217	181	159	149	149	159	185
000033.TextGrid	e1	0.153	285	309	329	343	353	359	362	359	351	337
000033.TextGrid	ian3	0.182	337	317	288	250	212	183	170	166	166	172
000033.TextGrid	ang4	0.192	203	200	191	184	178	174	169	164	161	158
000033.TextGrid	e5	0.133	154	152	149	146	146	146	146	146	146	146
000034.TextGrid	eng2	0.200	253	251	248	249	257	271	288	302	307	308
000034.TextGrid	in1	0.274	308	316	325	332	339	344	346	345	343	340
000034.TextGrid	iao1	0.144	340	345	349	350	350	353	356	358	354	347
000034.TextGrid	van2	0.134	299	282	265	254	253	259	269	278	282	281
000034.TextGrid	uo2	0.188	281	271	259	251	252	262	278	289	287	271
000034.TextGrid	ian3	0.303	271	243	263	415	442	224	117	109	145	199
000034.TextGrid	ao4	0.149	325	342	350	350	344	336	328	322	317	315
000034.TextGrid	v4	0.160	315	312	310	309	309	309	307	302	290	271
000034.TextGrid	in3	0.252	189	170	152	138	131	128	123	111	92	92
000035.TextGrid	in2	0.200	261	259	258	260	269	284	303	320	328	326
000035.TextGrid	iii1	0.085	362	367	372	377	382	385	387	387	385	381
000035.TextGrid	ao3	0.182	313	280	243	210	185	171	165	164	166	171
000035.TextGrid	iang2	0.332	183	184	180	179	181	187	208	245	279	286
000035.TextGrid	sp1	0.115	286	283	278	273	267	262	257	251	246	240
000035.TextGrid	u2	0.124	240	235	231	228	228	230	235	241	248	254
000035.TextGrid	i4	0.184	254	261	266	270	270	266	256	242	227	214
000035.TextGrid	v2	0.294	214	201	199	202	206	214	228	249	265	273
000035.TextGrid	in3	0.248	273	272	265	251	231	212	197	191	195	217
000035.TextGrid	en4	0.155	313	331	339	337	324	305	284	263	247	236
000035.TextGrid	iii2	0.111	225	229	237	249	266	282	294	299	298	293
000035.TextGrid	e3	0.260	227	196	166	147	138	135	131	131	131	131
000036.TextGrid	v2	0.180	235	239	240	240	241	246	256	269	280	284
000036.TextGrid	ii5	0.198	294	292	287	278	268	261	261	263	267	274
000036.TextGrid	ve4	0.198	274	290	313	331	335	322	299	276	260	250
000036.TextGrid	ao3	0.159	223	212	198	183	172	165	167	175	189	205
000036.TextGrid	ve4	0.164	205	225	244	259	264	258	248	250	284	354
000036.TextGrid	uai4	0.249	358	335	311	284	258	234	216	210	225	248
000036.TextGrid	sp1	0.140	248	261	271	281	291	301	311	321	330	339
000036.TextGrid	ve4	0.185	339	348	357	366	364	350	327	302	281	265
000036.TextGrid	ao3	0.126	204	195	185	176	169	164	164	169	180	196
000036.TextGrid	ve4	0.149	196	216	235	247	253	252	244	234	227	229
000036.TextGrid	eng1	0.187	337	351	356	357	360	364	369	371	367	354
000036.TextGrid	uang2	0.274	249	206	179	169	167	171	179	193	213	221
000037.TextGrid	ie2	0.219	269	269	271	276	288	312	340	358	357	340
000037.TextGrid	v2	0.165	340	325	308	292	281	279	284	291	295	298
000037.TextGrid	e5	0.082	304	302	297	292	285	279	274	270	267	265
000037.TextGrid	uen1	0.157	295	296	295	293	292	292	291	287	281	272
000037.TextGrid	iao2	0.284	272	255	225	198	191	194	204	224	248	265
000037.TextGrid	a4	0.156	311	314	310	298	283	267	253	238	225	215
000037.TextGrid	ian3	0.251	209	202	188	173	160	154	155	165	191	228
000037.TextGrid	ei4	0.117	280	293	299	300	297	291	282	272	262	255
000037.TextGrid	uo4	0.110	271	274	272	269	264	259	256	255	255	257
000037.TextGrid	ir4	0.252	329	355	360	340	307	267	228	206	202	202
000038.TextGrid	uang1	0.200	346	344	343	345	349	354	355	355	357	364
000038.TextGrid	uen4	0.175	380	380	373	361	343	323	303	285	271	260
000038.TextGrid	ie2	0.163	248	241	231	221	216	219	228	238	242	238
000038.TextGrid	ing2	0.187	238	229	220	211	205	205	212	223	234	245
000038.TextGrid	iao1	0.237	289	279	267	262	261	264	268	273	277	282
000038.TextGrid	ing4	0.204	282	287	297	309	318	314	298	280	269	264
000038.TextGrid	vn4	0.194	264	261	259	259	255	245	230	216	204	195
000038.TextGrid	er2	0.187	195	187	180	174	170	170	172	178	184	192
000038.TextGrid	eng1	0.242	256	254	246	244	246	249	252	255	259	259
000039.TextGrid	ao1	0.168	335	333	330	329	329	330	330	328	324	319
000039.TextGrid	ia1	0.203	319	318	322	324	327	330	333	334	327	313
000039.TextGrid	ie2	0.103	275	267	260	257	259	265	276	287	296	301
000039.TextGrid	a3	0.124	257	241	225	211	199	190	187	186	189	195
000039.TextGrid	ia4	0.150	244	243	233	221	210	203	197	192	187	183
000039.TextGrid	e5	0.162	188	186	182	179	177	177	178	183	194	210
000039.TextGrid	i1	0.120	263	272	280	285	289	292	292	289	282	272
000039.TextGrid	ai3	0.199	272	249	222	194	169	152	144	144	148	152
000039.TextGrid	eng2	0.183	172	173	174	176	181	187	198	212	231	249
000039.TextGrid	u1	0.268	249	267	277	282	283	281	282	285	288	288
000040.TextGrid	ian4	0.160	357	358	360	360	355	344	330	313	297	286
000040.TextGrid	ing2	0.147	286	281	283	292	307	326	344	354	353	342
000040.TextGrid	ai3	0.166	237	217	198	181	171	166	164	163	169	184
000040.TextGrid	ao4	0.239	237	254	259	256	244	227	211	200	196	199
000040.TextGrid	sp1	0.153	199	203	206	210	213	217	220	224	227	231
000040.TextGrid	in2	0.113	253	255	258	261	265	270	277	284	290	293
000040.TextGrid	in2	0.159	288	277	265	256	253	256	262	267	270	272
000040.TextGrid	u1	0.232	294	302	304	304	304	304	301	292	275	256
000040.TextGrid	ai3	0.173	223	208	194	182	172	165	161	164	172	185
000040.TextGrid	uan4	0.207	185	211	245	268	277	272	256	241	233	235
000040.TextGrid	u4	0.099	271	272	271	267	261	253	244	236	230	225
000040.TextGrid	ueng1	0.319	225	232	257	277	288	292	300	308	315	316
000041.TextGrid	iao1	0.160	340	345	351	356	360	363	366	365	357	344
000041.TextGrid	uei2	0.170	344	327	307	283	261	250	257	277	297	311
000041.TextGrid	ie4	0.242	343	360	357	339	311	277	245	222	211	210
000041.TextGrid	i3	0.190	210	211	211	211	211	209	207	204	205	216
000041.TextGrid	ei4	0.163	238	239	234	227	220	213	207	205	206	209
000041.TextGrid	ing4	0.155	259	285	306	321	329	329	323	312	303	297
000041.TextGrid	an4	0.186	297	293	288	278	260	239	221	211	205	203
000041.TextGrid	u2	0.093	201	200	198	197	197	198	199	201	203	205
000041.TextGrid	i3	0.230	213	204	181	158	143	134	128	122	116	116
000042.TextGrid	vn2	0.216	245	244	245	248	255	271	295	319	337	348
000042.TextGrid	u4	0.262	348	358	362	357	342	320	297	275	256	241
000042.TextGrid	iou3	0.200	241	234	231	228	221	212	202	196	195	200
000042.TextGrid	iii2	0.076	231	233	236	238	240	243	246	248	250	251
000042.TextGrid	uan3	0.200	251	246	232	214	198	188	182	180	178	176
000042.TextGrid	u2	0.101	186	188	191	195	201	209	218	228	238	249
000042.TextGrid	v4	0.155	249	265	280	291	295	292	282	269	257	252
000042.TextGrid	ai4	0.225	294	310	305	288	264	239	220	206	200	200
000042.TextGrid	sp1	0.070	200	201	203	204	205	206	207	209	210	211
000042.TextGrid	ing2	0.167	226	221	215	211	209	212	218	228	239	250
000042.TextGrid	uo4	0.221	250	262	261	246	227	214	208	208	216	226
000042.TextGrid	eng1	0.118	265	266	267	267	267	269	270	271	271	269
000042.TextGrid	uan2	0.171	235	215	195	182	177	180	187	195	205	217
000042.TextGrid	an1	0.161	274	276	271	266	265	267	269	270	269	267
000042.TextGrid	ian1	0.232	282	288	285	280	280	283	287	289	292	294
000042.TextGrid	sp1	0.459	294	294	292	291	290	289	288	287	285	277
000042.TextGrid	iou3	0.155	277	270	264	259	254	250	247	244	239	233
000042.TextGrid	iii2	0.187	238	243	248	253	258	263	269	275	280	283
000042.TextGrid	uei1	0.133	324	329	331	330	326	321	316	312	310	311
000042.TextGrid	ian1	0.185	311	314	316	317	319	322	322	319	312	304
000042.TextGrid	iao3	0.191	275	248	214	185	169	163	161	163	172	187
000042.TextGrid	ao4	0.203	243	234	221	207	195	185	180	178	180	186
000042.TextGrid	sp1	0.053	186	188	189	191	192	193	195	196	197	199
000042.TextGrid	o2	0.143	210	212	213	215	218	228	245	268	290	307
000042.TextGrid	u4	0.148	307	317	322	322	317	307	293	278	265	258
000042.TextGrid	ing1	0.137	327	335	342	346	348	350	351	351	350	344
000042.TextGrid	van2	0.267	236	203	184	176	174	176	184	208	239	255
000043.TextGrid	uei3	0.127	261	252	242	231	221	214	208	203	199	198
000043.TextGrid	a5	0.126	206	208	208	207	207	207	208	210	215	224
000043.TextGrid	ou1	0.146	286	299	308	314	317	320	320	317	309	298
000043.TextGrid	uei2	0.277	298	277	253	222	203	201	209	232	258	274
000043.TextGrid	ve4	0.170	323	330	327	315	300	287	282	284	291	304
000043.TextGrid	uei1	0.155	304	319	333	341	344	344	339	329	316	303
000043.TextGrid	ong2	0.192	265	238	210	197	204	224	253	281	297	296
000043.TextGrid	i3	0.176	177	161	147	132	118	109	104	104	104	104
000044.TextGrid	uan1	0.138	331	336	338	338	338	339	339	336	333	331
000044.TextGrid	eng1	0.135	352	355	356	355	353	351	349	347	346	348
000044.TextGrid	iao4	0.151	371	362	346	326	308	291	275	260	246	236
000044.TextGrid	v3	0.288	236	223	203	182	170	166	166	168	175	187
000044.TextGrid	a2	0.134	236	233	228	226	229	238	252	269	285	297
000044.TextGrid	an3	0.156	295	276	249	220	195	177	170	170	175	182
000044.TextGrid	uen1	0.135	245	248	249	250	250	251	252	251	251	252
000044.TextGrid	uang1	0.280	269	273	265	263	268	272	275	279	286	290
000045.TextGrid	a1	0.197	334	323	312	306	306	308	312	315	312	304
000045.TextGrid	ang3	0.230	262	243	219	202	194	190	189	189	193	206
000045.TextGrid	ing4	0.114	299	311	318	320	316	309	299	288	276	265
000045.TextGrid	vn3	0.236	265	244	224	206	192	182	175	168	165	179
000045.TextGrid	ing4	0.269	256	297	312	297	264	230	207	193	191	204
000045.TextGrid	sp1	0.206	204	219	233	247	261	275	289	303	317	331
000045.TextGrid	uang4	0.200	371	373	364	350	335	317	301	290	282	274
000045.TextGrid	iii4	0.160	287	288	284	276	263	250	237	226	215	207
000045.TextGrid	ie3	0.212	207	202	202	200	194	183	173	170	170	169
000045.TextGrid	u2	0.231	169	168	173	186	209	242	278	302	304	290
000045.TextGrid	uei2	0.374	290	251	209	183	178	185	197	234	275	284
000046.TextGrid	iou2	0.213	268	266	261	261	272	293	321	343	345	337
000046.TextGrid	a2	0.186	324	302	278	262	257	261	269	278	287	303
000046.TextGrid	ou4	0.201	332	333	325	315	305	295	286	278	268	258
000046.TextGrid	u5	0.103	247	241	233	225	217	210	206	205	208	213
000046.TextGrid	en1	0.143	262	276	287	292	293	293	292	294	296	299
000046.TextGrid	en1	0.162	312	321	328	329	326	323	321	320	318	319
000046.TextGrid	iang1	0.260	348	338	331	331	333	338	347	355	354	346
000046.TextGrid	sp1	0.200	346	339	333	326	320	313	307	300	294	287
000046.TextGrid	an3	0.150	245	228	209	193	181	173	168	166	165	166
000046.TextGrid	ii5	0.049	183	184	185	185	185	185	184	184	184	184
000046.TextGrid	a2	0.190	183	179	176	176	179	184	193	208	225	240
000046.TextGrid	ua1	0.228	276	269	260	256	258	262	266	271	280	292
000046.TextGrid	eng1	0.152	309	310	310	309	308	304	302	303	310	322
000046.TextGrid	eng1	0.152	336	336	333	332	333	337	340	341	341	341
000046.TextGrid	uei4	0.251	361	369	358	328	298	323	409	449	446	436
000046.TextGrid	sp1	0.319	436	421	406	391	375	360	345	330	314	299
000046.TextGrid	ii3	0.064	246	242	238	235	231	228	225	224	223	223
000046.TextGrid	ei4	0.143	244	250	254	256	253	247	239	231	226	226
000046.TextGrid	uan2	0.223	235	218	194	178	174	177	189	207	226	241
000046.TextGrid	ii5	0.159	267	277	306	364	433	474	479	459	431	404
000046.TextGrid	u3	0.112	241	223	207	194	185	179	175	174	174	176
000046.TextGrid	er4	0.188	176	182	192	201	207	208	207	206	207	215
000046.TextGrid	iang1	0.281	272	282	285	292	299	308	321	335	343	343
000047.TextGrid	en3	0.148	257	250	243	237	233	231	230	229	228	230
000047.TextGrid	an1	0.182	290	293	289	286	287	291	296	298	294	283
000047.TextGrid	ie3	0.181	283	270	257	241	222	204	193	188	189	197
000047.TextGrid	en1	0.165	248	260	266	269	273	278	284	292	299	307
000047.TextGrid	ai4	0.150	354	350	335	313	291	275	265	258	254	255
000047.TextGrid	ou1	0.135	294	301	305	306	305	305	305	305	304	300
000047.TextGrid	enr2	0.209	241	219	200	189	185	186	189	193	198	206
000047.TextGrid	e5	0.121	231	231	229	226	224	222	222	222	222	222
000048.TextGrid	in4	0.185	334	338	332	319	304	290	279	271	267	275
000048.TextGrid	ong1	0.162	295	314	325	329	331	332	333	331	326	318
000048.TextGrid	ing1	0.229	318	312	317	328	335	338	339	336	329	324
000048.TextGrid	e5	0.155	320	306	284	263	246	235	230	227	228	234
000048.TextGrid	u4	0.124	276	286	290	291	288	282	275	265	257	250
000048.TextGrid	van4	0.201	250	251	256	257	252	247	243	242	246	260
000048.TextGrid	ing4	0.150	284	291	291	284	273	262	255	255	260	269
000048.TextGrid	an4	0.241	269	285	296	296	283	259	227	198	196	196
000049.TextGrid	van3	0.207	267	252	231	215	204	198	195	197	204	222
000049.TextGrid	i4	0.126	274	284	289	291	290	285	278	270	263	260
000049.TextGrid	v1	0.092	304	309	312	314	314	312	310	306	303	302
000049.TextGrid	uan1	0.177	345	345	342	339	339	343	347	348	344	335
000049.TextGrid	iang3	0.227	335	315	283	240	199	174	166	166	170	179
000049.TextGrid	uo4	0.115	232	237	237	234	231	228	226	226	228	233
000049.TextGrid	van4	0.181	300	316	320	312	296	274	249	227	209	196
000049.TextGrid	iang3	0.276	196	184	165	138	113	97	89	85	83	83
000050.TextGrid	e4	0.127	357	357	355	349	342	333	325	320	316	313
000050.TextGrid	i4	0.217	326	340	341	333	319	299	278	262	253	249
000050.TextGrid	e2	0.092	234	232	229	226	225	227	230	235	240	245
000050.TextGrid	in4	0.184	245	254	262	270	274	271	260	249	241	239
000050.TextGrid	u4	0.117	240	241	239	236	233	230	227	226	227	231
000050.TextGrid	a4	0.154	242	244	239	231	221	212	204	200	200	204
000050.TextGrid	eng1	0.169	263	266	264	262	262	263	263	262	264	269
000050.TextGrid	a1	0.142	269	275	282	289	296	303	309	315	318	317
000050.TextGrid	ang2	0.117	259	247	237	232	232	237	245	257	272	287
000050.TextGrid	ai4	0.144	327	336	339	337	331	322	308	292	271	249
000050.TextGrid	er3	0.254	249	212	183	163	146	135	132	125	109	108
000050.TextGrid	i3	0.209	108	124	145	167	186	195	195	190	181	176
000050.TextGrid	ing1	0.180	197	201	201	201	202	204	206	208	209	212
000050.TextGrid	en1	0.122	237	237	235	232	229	227	225	222	219	218
000050.TextGrid	v1	0.086	234	237	240	243	245	251	260	278	306	345
000050.TextGrid	u4	0.123	343	304	274	253	239	229	222	218	217	218
000050.TextGrid	ve4	0.248	218	232	253	263	254	228	201	190	192	193
000051.TextGrid	an4	0.172	320	323	322	318	310	301	293	286	282	283
000051.TextGrid	iong1	0.124	327	333	337	339	340	341	341	342	343	345
000051.TextGrid	an4	0.171	354	354	346	331	314	300	291	289	294	304
000051.TextGrid	i4	0.219	330	333	326	314	295	272	246	216	185	167
000051.TextGrid	iao4	0.233	167	172	205	235	238	225	214	207	203	203
000051.TextGrid	ao2	0.118	210	208	206	204	205	208	215	222	228	232
000051.TextGrid	ao3	0.138	200	192	183	175	168	163	159	156	156	159
000051.TextGrid	ie1	0.097	286	295	302	306	307	306	305	303	300	297
000051.TextGrid	uo1	0.100	277	274	269	262	256	249	245	243	242	244
000051.TextGrid	ie1	0.101	255	252	247	242	237	233	230	228	227	228
000051.TextGrid	uo1	0.180	247	243	235	226	219	217	218	220	221	221
000052.TextGrid	iao3	0.166	279	269	253	238	229	223	219	216	215	221
000052.TextGrid	vn1	0.205	277	294	304	310	313	314	317	321	325	330
000052.TextGrid	a4	0.168	337	332	321	307	295	285	275	265	254	242
000052.TextGrid	uei3	0.081	228	225	221	215	209	202	196	192	189	188
000052.TextGrid	ei4	0.151	222	238	253	263	264	258	248	236	225	218
000052.TextGrid	e4	0.133	241	237	229	219	210	204	201	202	204	206
000052.TextGrid	v1	0.175	206	213	225	239	251	258	259	257	252	249
000052.TextGrid	ing1	0.219	281	284	283	280	279	278	278	281	283	284
000053.TextGrid	i3	0.156	271	266	260	256	252	248	242	232	222	216
000053.TextGrid	i2	0.193	236	240	245	249	255	265	277	291	300	303
000053.TextGrid	ii2	0.127	298	302	311	324	339	352	361	366	365	362
000053.TextGrid	iong2	0.155	286	265	248	242	249	266	285	300	307	305
000053.TextGrid	ong2	0.139	263	257	255	263	278	296	310	317	319	317
000053.TextGrid	ii2	0.093	315	316	318	319	321	322	323	322	319	316
000053.TextGrid	iao3	0.214	299	281	253	214	179	158	148	147	156	173
000053.TextGrid	u4	0.106	282	286	285	281	275	266	257	249	241	234
000053.TextGrid	van2	0.196	234	227	225	230	243	263	286	304	312	306
000053.TextGrid	u2	0.233	209	193	183	180	184	193	211	235	256	262
000054.TextGrid	v3	0.229	269	265	261	258	256	252	248	245	243	244
000054.TextGrid	v2	0.145	254	259	269	284	302	322	339	351	357	360
000054.TextGrid	ian3	0.187	360	361	355	336	302	261	226	203	192	187
000054.TextGrid	van2	0.236	187	185	187	186	185	187	195	210	232	251
000054.TextGrid	ai1	0.147	320	331	340	346	350	352	351	346	334	318
000054.TextGrid	uen3	0.214	318	290	259	223	190	162	139	128	138	158
000054.TextGrid	i4	0.159	276	284	283	274	260	250	260	285	308	318
000054.TextGrid	sp1	0.267	318	317	312	307	303	298	293	288	283	278
000054.TextGrid	en2	0.108	252	245	238	233	232	234	239	244	251	257
000054.TextGrid	iao3	0.138	266	252	230	208	192	183	179	177	175	177
000054.TextGrid	uen1	0.211	235	245	247	247	247	248	249	249	246	241
000054.TextGrid	u2	0.114	231	230	230	232	235	240	246	252	257	262
000054.TextGrid	a4	0.182	300	295	282	266	254	248	247	250	256	269
000054.TextGrid	ing4	0.213	269	296	323	335	329	313	299	287	274	260
000054.TextGrid	ai3	0.111	219	208	196	183	173	164	158	154	151	150
000054.TextGrid	er2	0.122	150	149	148	148	149	150	153	158	165	175
000054.TextGrid	iii1	0.092	293	300	306	310	312	313	313	312	312	312
000054.TextGrid	u4	0.174	334	327	309	283	253	228	210	202	201	201
000055.TextGrid	ang3	0.164	262	255	244	234	228	223	220	219	218	220
000055.TextGrid	en1	0.154	269	286	297	304	308	309	309	308	306	305
000055.TextGrid	iii1	0.163	318	321	323	323	323	322	322	319	313	307
000055.TextGrid	u1	0.105	323	330	337	343	346	346	343	337	331	327
000055.TextGrid	ua1	0.156	350	351	349	346	346	347	348	345	336	322
000055.TextGrid	i2	0.201	264	243	227	220	221	230	243	253	252	245
000055.TextGrid	eng3	0.188	233	221	206	193	185	181	180	182	186	195
000055.TextGrid	in4	0.169	195	209	227	243	253	253	246	237	232	232
000055.TextGrid	ua1	0.118	255	261	264	265	264	262	261	260	259	257
000055.TextGrid	ian4	0.133	269	270	266	260	251	242	234	228	224	223
000055.TextGrid	iao4	0.168	222	219	213	206	198	191	186	183	180	179
000055.TextGrid	e5	0.102	177	176	174	172	171	171	171	171	171	172
000055.TextGrid	iao3	0.090	198	196	192	187	180	173	167	164	162	163
000055.TextGrid	iao4	0.167	189	199	209	218	228	240	252	264	273	279
000055.TextGrid	vn4	0.176	279	283	286	284	276	266	257	252	253	264
000055.TextGrid	iong4	0.234	264	290	308	304	286	263	238	218	208	208
000056.TextGrid	v3	0.233	253	244	238	234	230	226	224	224	226	231
000056.TextGrid	ve1	0.174	231	243	263	287	307	321	328	329	326	324
000056.TextGrid	e4	0.106	318	305	289	273	258	246	239	236	235	237
000056.TextGrid	u1	0.145	277	283	287	290	293	296	298	298	299	301
000056.TextGrid	ie1	0.111	340	341	342	343	344	344	344	344	343	342
000056.TextGrid	ian4	0.141	342	335	323	305	284	262	244	228	217	207
000056.TextGrid	ou3	0.189	191	179	162	157	207	319	408	422	395	360
000056.TextGrid	ao4	0.202	300	291	290	285	272	250	226	212	212	212
000057.TextGrid	u2	0.130	259	264	271	279	289	299	310	319	324	327
000057.TextGrid	er3	0.238	327	321	302	274	245	221	206	199	197	206
000057.TextGrid	ie2	0.104	231	233	234	237	241	247	254	262	271	278
000057.TextGrid	er3	0.171	278	285	281	268	251	235	221	211	204	204
000057.TextGrid	e2	0.136	214	219	223	227	232	239	248	256	261	263
000057.TextGrid	ie1	0.200	263	269	283	296	304	307	308	305	295	278
000057.TextGrid	ua2	0.335	278	244	208	190	189	195	211	242	269	274
000057.TextGrid	ing3	0.153	252	241	228	217	209	205	203	203	206	213
000057.TextGrid	ou1	0.098	247	253	257	258	259	259	260	262	264	264
000057.TextGrid	iong3	0.181	264	260	247	226	202	182	173	172	178	188
000057.TextGrid	ang1	0.240	242	247	247	247	248	251	255	259	263	266
000057.TextGrid	uan3	0.174	257	243	223	204	190	183	180	179	178	177
000057.TextGrid	a2	0.189	180	182	183	184	185	187	192	201	211	223
000057.TextGrid	uei4	0.195	253	251	239	226	216	209	206	205	203	201
000057.TextGrid	u2	0.148	201	202	208	218	231	247	263	276	286	298
000057.TextGrid	ang1	0.156	332	338	338	337	336	335	332	327	320	312
000057.TextGrid	uo2	0.128	288	275	263	254	250	253	259	263	263	258
000057.TextGrid	uei3	0.142	258	249	238	224	207	191	180	174	171	172
000057.TextGrid	van2	0.158	172	173	174	175	177	181	187	196	205	214
000057.TextGrid	ang3	0.156	234	226	209	192	179	171	166	163	161	161
000057.TextGrid	e5	0.097	164	167	169	170	172	173	174	175	177	179
000057.TextGrid	in1	0.086	246	249	252	253	253	254	254	254	254	255
000057.TextGrid	ie4	0.101	266	262	254	246	237	231	227	226	227	232
000057.TextGrid	uen4	0.198	232	250	273	283	275	258	238	221	210	206
000057.TextGrid	ou4	0.203	233	226	211	192	172	155	151	151	151	151
000058.TextGrid	in1	0.163	327	334	342	348	351	352	351	349	342	330
000058.TextGrid	iou3	0.177	330	309	279	241	206	184	176	177	185	200
000058.TextGrid	uang1	0.277	260	280	287	286	288	294	301	303	298	285
000058.TextGrid	an2	0.136	231	223	219	221	226	233	241	249	255	258
000058.TextGrid	er2	0.180	258	254	243	230	220	215	218	228	243	257
000058.TextGrid	ia4	0.119	292	283	267	249	233	222	215	211	209	210
000058.TextGrid	ou1	0.114	234	240	244	248	252	255	256	254	251	248
000058.TextGrid	van1	0.150	270	278	281	283	283	285	287	289	292	296
000058.TextGrid	en4	0.173	319	305	280	249	217	189	164	144	133	133
000059.TextGrid	uo2	0.354	278	278	284	295	325	360	378	365	331	289
000059.TextGrid	uo3	0.273	289	256	223	199	187	180	178	181	188	194
000059.TextGrid	uo2	0.323	194	212	238	253	263	292	335	361	360	335
000059.TextGrid	uo3	0.300	335	298	249	205	180	172	172	176	183	192
000059.TextGrid	uo2	0.314	192	206	221	237	259	293	333	360	361	334
000059.TextGrid	uo3	0.265	334	299	258	215	185	170	161	155	160	176
000059.TextGrid	e2	0.151	232	228	227	229	236	248	266	284	299	310
000059.TextGrid	ang4	0.197	383	388	385	372	353	332	311	292	272	251
000059.TextGrid	ii5	0.088	209	204	198	194	191	191	194	198	205	211
000059.TextGrid	i4	0.153	211	221	227	230	229	225	218	209	200	193
000059.TextGrid	i3	0.196	183	175	158	135	111	95	91	91	91	91
000060.TextGrid	ao3	0.174	253	248	235	222	213	206	202	201	203	211
000060.TextGrid	ao5	0.179	255	259	260	262	267	274	281	283	277	267
000060.TextGrid	ei3	0.129	264	260	250	236	223	213	207	204	205	210
000060.TextGrid	uo4	0.147	258	264	263	256	248	240	234	228	223	221
000060.TextGrid	e5	0.132	223	219	212	205	200	198	198	197	195	194
000060.TextGrid	iou2	0.164	194	196	199	199	198	200	207	219	237	257
000060.TextGrid	ian4	0.194	311	318	316	305	288	272	263	264	272	284
000060.TextGrid	uo1	0.208	284	302	318	328	335	341	347	351	350	344
000060.TextGrid	uo5	0.238	344	328	303	267	223	188	173	173	178	185
000060.TextGrid	sp1	0.105	185	187	190	193	195	198	201	203	206	209
000060.TextGrid	e2	0.138	223	223	221	220	220	221	224	227	229	227
000060.TextGrid	iang2	0.210	227	223	217	204	193	192	200	216	237	259
000060.TextGrid	ou4	0.105	294	293	289	283	277	271	266	263	262	265
000060.TextGrid	uen4	0.131	279	278	272	263	252	242	235	232	233	239
000060.TextGrid	an1	0.147	292	297	299	300	301	305	308	312	317	322
000060.TextGrid	iao4	0.224	322	327	321	301	271	236	207	193	190	190
000061.TextGrid	an4	0.176	341	342	340	335	328	322	315	308	301	299
000061.TextGrid	a4	0.101	318	316	311	305	298	291	284	278	272	267
000061.TextGrid	i2	0.116	250	250	251	254	256	260	264	270	276	284
000061.TextGrid	ve1	0.177	284	297	310	318	321	321	320	317	310	300
000061.TextGrid	ang2	0.195	278	257	237	228	234	254	281	304	318	323
000061.TextGrid	ou3	0.211	268	231	200	178	164	155	149	150	163	185
000061.TextGrid	ei4	0.117	225	228	227	223	219	216	213	211	213	217
000061.TextGrid	uan1	0.225	254	263	264	267	273	279	285	292	302	313
000061.TextGrid	i4	0.212	326	322	310	291	265	236	211	196	194	197
000062.TextGrid	iao4	0.195	340	356	359	351	339	324	309	297	286	278
000062.TextGrid	i4	0.103	289	290	289	287	284	281	277	272	266	259
000062.TextGrid	er2	0.205	259	245	233	225	222	224	230	239	250	258
000062.TextGrid	a2	0.147	257	253	251	253	263	279	298	316	329	333
000062.TextGrid	ia3	0.202	333	325	301	267	231	202	184	179	180	186
000062.TextGrid	u1	0.211	265	277	285	289	292	295	299	302	303	299
000062.TextGrid	e2	0.080	254	250	246	242	240	239	240	242	246	250
000062.TextGrid	ao3	0.158	241	221	201	184	173	168	166	169	174	183
000062.TextGrid	ong1	0.158	235	246	252	258	265	274	282	288	292	295
000062.TextGrid	ai4	0.127	315	308	293	274	257	247	250	276	327	396
000062.TextGrid	en1	0.176	396	480	498	430	339	293	285	283	269	237
000062.TextGrid	ai4	0.282	237	191	225	296	313	289	251	219	207	207
000063.TextGrid	ua4	0.240	351	358	372	376	370	356	337	318	298	275
000063.TextGrid	ii5	0.079	235	231	228	226	223	221	220	219	219	220
000063.TextGrid	an1	0.137	271	280	285	287	287	289	292	293	292	291
000063.TextGrid	iao3	0.133	272	257	236	215	198	187	182	180	180	180
000063.TextGrid	ao2	0.194	180	179	180	184	191	206	228	249	258	257
000063.TextGrid	an3	0.271	243	217	191	177	167	158	155	153	152	164
000063.TextGrid	en2	0.146	216	218	220	227	241	263	287	306	318	324
000063.TextGrid	iong3	0.198	324	321	300	261	216	181	162	155	155	159
000063.TextGrid	van2	0.319	193	181	167	162	163	169	186	232	276	287
000064.TextGrid	e2	0.139	259	257	254	252	253	257	265	273	279	282
000064.TextGrid	i4	0.115	306	312	314	312	306	296	284	271	260	250
000064.TextGrid	ou2	0.165	250	243	235	229	229	235	245	253	254	254
000064.TextGrid	ii1	0.244	275	283	289	293	294	295	295	295	298	303
000064.TextGrid	sp1	0.072	303	304	306	307	307	308	309	310	311	312
000064.TextGrid	i1	0.167	312	318	328	341	354	362	364	357	341	324
000064.TextGrid	ian3	0.214	291	262	227	199	185	179	179	183	194	216
000064.TextGrid	i1	0.109	216	230	245	261	277	292	305	315	321	324
000064.TextGrid	er4	0.197	324	324	317	301	277	250	226	210	201	198
000064.TextGrid	iou3	0.204	203	192	177	163	156	154	154	161	179	204
000064.TextGrid	i1	0.223	204	232	259	283	304	321	332	331	315	293
000064.TextGrid	u2	0.166	293	280	277	283	294	308	321	330	334	330
000064.TextGrid	u3	0.182	330	317	293	257	219	190	175	169	166	167
000064.TextGrid	i4	0.241	167	182	222	265	297	311	305	279	244	210
000064.TextGrid	van2	0.357	210	184	185	171	155	151	153	161	187	207
000065.TextGrid	iao3	0.162	249	245	240	233	224	215	207	200	196	194
000065.TextGrid	er2	0.151	194	195	197	200	205	213	222	233	244	257
000065.TextGrid	a1	0.169	312	320	319	315	312	313	316	315	313	314
000065.TextGrid	a1	0.254	331	333	330	328	327	326	326	329	334	341
000065.TextGrid	sp1	0.037	341	342	344	345	347	349	350	352	354	356
000065.TextGrid	ou4	0.154	384	386	383	375	361	344	325	308	294	280
000065.TextGrid	i3	0.100	210	201	191	182	174	168	166	166	167	169
000065.TextGrid	en2	0.183	204	203	200	204	223	256	295	325	341	339
000065.TextGrid	v3	0.274	209	178	147	120	110	114	122	120	104	104
000066.TextGrid	i3	0.116	263	260	257	253	249	245	240	234	229	226
000066.TextGrid	iang2	0.170	242	236	227	223	226	235	248	260	269	279
000066.TextGrid	uang4	0.184	320	325	315	298	284	271	259	247	235	223
000066.TextGrid	er2	0.242	223	213	209	207	208	213	225	246	271	291
000066.TextGrid	ou4	0.108	350	354	351	341	327	312	298	286	275	267
000066.TextGrid	ve2	0.118	234	225	216	209	206	208	214	224	237	253
000066.TextGrid	uen4	0.281	253	300	328	316	282	238	190	137	105	111
000066.TextGrid	sp1	0.290	111	134	157	179	202	225	248	271	294	317
000066.TextGrid	ao4	0.199	342	342	335	326	314	300	287	273	256	247
000066.TextGrid	e2	0.143	250	252	251	250	251	256	265	273	276	274
000066.TextGrid	iii1	0.126	306	315	324	331	334	335	332	327	321	317
000066.TextGrid	in4	0.132	326	327	324	316	302	285	270	260	258	261
000066.TextGrid	iou1	0.154	328	341	349	354	356	354	348	338	326	315
000066.TextGrid	iong3	0.241	315	296	256	206	174	160	150	141	137	144
000066.TextGrid	er2	0.244	144	157	172	187	196	198	201	210	227	246
000066.TextGrid	ou1	0.118	334	335	333	331	331	331	331	330	329	329
000066.TextGrid	iao4	0.179	351	336	310	281	254	229	210	195	184	176
000066.TextGrid	van3	0.350	176	168	158	150	146	142	138	136	130	128
000067.TextGrid	uang3	0.246	236	235	228	218	207	198	193	194	202	229
000067.TextGrid	ou4	0.230	318	349	362	362	350	328	300	286	336	429
000067.TextGrid	uo4	0.175	351	295	264	248	237	229	223	219	216	214
000067.TextGrid	uang3	0.216	214	210	203	192	181	174	171	172	176	185
000067.TextGrid	ou1	0.168	250	253	252	250	252	256	258	253	244	239
000067.TextGrid	u3	0.075	238	236	233	228	223	215	208	200	192	185
000067.TextGrid	in2	0.124	180	183	185	187	190	194	201	209	217	226
000067.TextGrid	in4	0.123	262	262	256	247	236	227	220	216	216	219
000067.TextGrid	i1	0.194	250	254	257	259	262	264	264	262	260	260
000067.TextGrid	sp1	0.329	260	258	256	254	252	250	248	247	245	242
000067.TextGrid	i3	0.175	242	239	234	228	222	218	214	214	223	242
000067.TextGrid	ao1	0.196	309	326	335	343	353	361	368	371	366	353
000067.TextGrid	uei2	0.152	279	256	232	216	211	217	228	240	249	258
000067.TextGrid	ao4	0.162	273	270	261	250	239	229	220	211	203	197
000067.TextGrid	uei2	0.205	197	195	195	198	207	227	257	286	297	290
000067.TextGrid	er3	0.290	290	259	218	181	151	135	128	121	121	140
000067.TextGrid	ing3	0.163	243	241	232	221	210	202	197	194	196	204
000067.TextGrid	vn1	0.156	254	262	266	269	272	277	282	286	288	289
000067.TextGrid	u4	0.113	296	291	283	274	265	258	254	251	251	253
000067.TextGrid	ueng4	0.270	253	282	323	331	313	276	225	177	164	166
000068.TextGrid	u2	0.177	297	289	290	298	309	320	326	327	321	309
000068.TextGrid	uei2	0.245	309	283	258	247	246	251	265	282	291	293
000068.TextGrid	ai2	0.102	278	275	273	273	275	281	290	299	308	315
000068.TextGrid	u3	0.098	288	272	255	237	221	207	197	190	188	189
000068.TextGrid	o2	0.176	196	198	201	207	216	229	247	264	275	278
000068.TextGrid	i1	0.221	278	281	288	293	297	301	305	303	295	287
000068.TextGrid	ie2	0.105	231	225	220	216	214	216	222	232	246	261
000068.TextGrid	ian4	0.140	347	349	342	326	304	281	261	247	240	237
000068.TextGrid	ong1	0.137	251	246	241	236	234	234	236	238	240	242
000068.TextGrid	ii4	0.164	265	254	247	270	339	421	476	496	496	496
000069.TextGrid	i2	0.140	251	252	255	258	261	264	265	263	259	257
000069.TextGrid	iang1	0.265	284	303	307	302	301	304	306	310	315	325
000069.TextGrid	iao4	0.148	338	340	337	328	314	299	285	272	261	252
000069.TextGrid	v2	0.147	252	246	241	241	246	256	270	282	288	285
000069.TextGrid	ai2	0.254	221	205	195	195	201	213	232	255	270	273
000069.TextGrid	uang2	0.148	258	250	245	246	254	268	286	301	311	318
000069.TextGrid	uei2	0.195	318	321	317	317	326	338	345	342	328	306
000069.TextGrid	v3	0.265	306	265	220	181	159	151	172	249	317	336
000069.TextGrid	sp1	0.058	336	337	339	340	341	342	343	344	345	346
000069.TextGrid	iii4	0.142	374	374	371	364	351	331	306	279	251	226
000069.TextGrid	v3	0.145	226	203	185	171	162	156	153	153	157	164
000069.TextGrid	an1	0.169	234	232	225	220	218	219	221	224	226	222
000069.TextGrid	ao3	0.248	210	191	173	161	154	148	144	148	156	165
000069.TextGrid	sp1	0.175	165	170	176	182	187	193	198	204	210	215
000069.TextGrid	ang2	0.160	238	237	233	229	230	235	243	250	253	252
000069.TextGrid	ei3	0.214	247	232	210	192	178	167	161	165	179	199
000069.TextGrid	eng4	0.108	284	290	292	288	282	275	268	263	260	262
000069.TextGrid	van1	0.107	303	304	304	302	301	301	302	302	300	297
000069.TextGrid	uai2	0.138	260	243	225	212	206	206	212	220	227	233
000069.TextGrid	uei2	0.150	233	235	234	231	228	229	233	238	239	234
000069.TextGrid	an3	0.162	194	187	179	172	166	162	160	161	167	178
000069.TextGrid	ie4	0.225	178	200	219	226	220	211	221	254	279	290
000069.TextGrid	sp1	0.073	290	291	290	288	286	283	281	278	275	272
000069.TextGrid	ong1	0.179	255	249	246	244	245	248	253	257	254	246
000069.TextGrid	ai3	0.154	197	191	185	179	174	172	173	180	195	216
000069.TextGrid	iao4	0.202	216	250	279	299	307	300	282	263	248	236
000069.TextGrid	iii1	0.096	212	209	205	202	199	197	196	195	196	196
000069.TextGrid	iong4	0.268	196	198	203	201	192	174	144	113	98	98
000070.TextGrid	iong4	0.209	293	300	309	310	306	300	290	276	262	256
000070.TextGrid	u2	0.086	264	266	267	268	268	268	268	269	271	273
000070.TextGrid	iong4	0.257	273	286	299	297	285	271	261	257	255	250
000070.TextGrid	uo3	0.243	250	242	237	236	229	217	208	203	206	223
000070.TextGrid	i4	0.104	327	338	348	356	362	365	364	359	351	341
000070.TextGrid	i2	0.165	300	285	273	265	262	265	272	278	278	269
000070.TextGrid	u3	0.163	269	255	237	218	202	191	186	185	188	195
000070.TextGrid	e5	0.108	236	241	244	246	247	247	246	245	243	241
000070.TextGrid	uei3	0.280	226	206	231	401	538	548	522	492	492	492
000071.TextGrid	er4	0.177	362	362	363	362	355	342	328	312	295	285
000071.TextGrid	ing4	0.176	316	327	328	318	302	283	266	253	247	249
000071.TextGrid	ia1	0.212	289	302	305	302	300	300	304	308	308	307
000071.TextGrid	u4	0.168	305	297	284	269	254	242	232	222	217	219
000071.TextGrid	ei2	0.123	226	227	228	230	238	251	269	286	300	305
000071.TextGrid	u3	0.158	305	299	281	256	228	203	186	175	170	169
000071.TextGrid	uan2	0.179	175	177	177	176	177	179	184	195	213	241
000071.TextGrid	uai4	0.270	241	292	325	327	308	274	232	182	129	114
000071.TextGrid	sp1	0.269	114	126	141	156	172	187	202	218	233	249
000071.TextGrid	ang4	0.147	282	273	259	246	235	228	224	222	223	228
000071.TextGrid	an1	0.240	241	243	242	242	246	250	254	259	261	268
000071.TextGrid	iao4	0.187	268	280	285	273	253	235	224	217	212	212
000071.TextGrid	v4	0.086	236	234	231	228	224	221	219	219	220	223
000071.TextGrid	ia4	0.178	223	237	250	252	247	239	231	222	215	211
000071.TextGrid	vn4	0.148	211	209	207	204	201	199	197	196	197	201
000071.TextGrid	uen1	0.162	250	251	249	247	248	251	257	262	264	262
000071.TextGrid	ua2	0.133	243	235	229	229	238	254	275	294	307	310
000071.TextGrid	ang2	0.130	263	252	241	234	232	236	244	252	261	270
000071.TextGrid	ang1	0.152	321	328	331	333	335	338	340	340	335	325
000071.TextGrid	ang3	0.235	230	206	181	158	144	144	145	144	144	144
000072.TextGrid	iou3	0.163	266	258	248	239	229	222	216	212	213	223
000072.TextGrid	uan1	0.252	267	288	291	288	288	294	301	303	303	300
000072.TextGrid	eng2	0.170	280	276	275	281	297	317	334	344	345	342
000072.TextGrid	ou2	0.152	335	324	309	301	303	314	324	326	320	311
000072.TextGrid	ai3	0.175	280	251	219	193	179	174	172	173	191	247
000072.TextGrid	ong4	0.136	313	295	282	271	261	254	248	245	243	244
000072.TextGrid	uan4	0.165	302	317	320	308	288	266	245	228	215	205
000072.TextGrid	ou2	0.270	186	177	174	175	181	192	213	246	273	279
000073.TextGrid	u4	0.136	384	383	381	378	374	367	358	344	326	307
000073.TextGrid	v3	0.122	282	274	266	257	247	238	230	224	219	215
000073.TextGrid	i2	0.255	209	208	210	216	231	253	282	307	313	306
000073.TextGrid	sp1	0.130	306	301	295	290	285	280	274	268	261	253
000073.TextGrid	ie2	0.152	253	244	238	235	235	239	246	253	256	253
000073.TextGrid	v3	0.188	253	243	233	227	221	212	201	192	187	186
000073.TextGrid	ian2	0.168	217	214	207	202	204	210	219	229	237	244
000073.TextGrid	u1	0.129	274	275	273	271	270	270	269	265	258	251
000073.TextGrid	e2	0.083	247	246	245	243	242	242	243	245	249	252
000073.TextGrid	ve2	0.085	257	251	244	237	232	229	227	226	226	228
000073.TextGrid	ia1	0.244	257	266	264	259	258	259	261	263	264	270
000073.TextGrid	sp1	0.053	270	273	275	277	280	283	285	288	291	294
000073.TextGrid	a1	0.134	327	334	340	345	351	356	360	361	359	354
000073.TextGrid	ei2	0.114	321	311	303	299	302	308	314	317	315	306
000073.TextGrid	er3	0.227	306	274	234	196	170	157	148	138	142	176
000073.TextGrid	v4	0.172	176	215	255	286	303	306	298	280	256	230
000073.TextGrid	iou3	0.171	230	207	189	174	163	157	155	163	180	202
000073.TextGrid	i4	0.143	202	216	224	225	222	216	208	201	194	188
000073.TextGrid	ii3	0.201	160	155	149	141	135	133	133	132	131	131
000074.TextGrid	iou4	0.161	350	353	358	360	359	354	343	329	313	299
000074.TextGrid	iou3	0.167	299	286	274	261	247	236	229	227	228	231
000074.TextGrid	uei2	0.171	264	261	259	264	282	309	334	349	353	350
000074.TextGrid	en2	0.158	304	289	270	255	249	254	266	279	287	289
000074.TextGrid	e3	0.128	264	249	231	214	201	193	190	192	197	207
000074.TextGrid	iii1	0.067	303	310	315	318	320	319	317	313	309	304
000074.TextGrid	ei3	0.130	282	267	247	224	204	189	181	179	180	184
000074.TextGrid	a1	0.132	211	210	207	205	204	204	204	204	204	205
000074.TextGrid	e5	0.181	201	195	188	181	176	174	176	181	184	184
000075.TextGrid	ie4	0.138	366	366	364	359	348	334	318	301	286	274
000075.TextGrid	ei2	0.116	258	249	239	230	226	227	233	245	260	278
000075.TextGrid	ou4	0.153	359	372	375	368	353	332	309	291	289	311
000075.TextGrid	uei3	0.265	354	218	163	135	127	130	126	120	130	158
000075.TextGrid	ii4	0.099	240	242	241	237	231	225	218	213	208	207
000075.TextGrid	eng1	0.204	244	246	245	244	245	248	254	261	269	275
000075.TextGrid	uan4	0.146	295	283	266	247	232	219	210	203	199	195
000075.TextGrid	a2	0.165	178	169	165	165	168	173	179	188	200	217
000075.TextGrid	eng1	0.174	310	329	339	342	343	345	348	353	358	364
000075.TextGrid	ing4	0.186	369	359	345	328	302	266	230	200	182	178
000076.TextGrid	ao3	0.153	267	258	251	246	241	236	232	227	223	221
000076.TextGrid	u2	0.117	250	258	268	280	295	311	326	338	346	351
000076.TextGrid	u3	0.250	338	308	262	217	188	176	171	164	161	169
000076.TextGrid	i3	0.184	169	179	190	204	218	226	230	228	224	218
000076.TextGrid	ou2	0.159	205	202	201	202	209	222	240	260	276	289
000076.TextGrid	a1	0.154	337	342	342	339	338	339	341	343	342	337
000076.TextGrid	uei4	0.145	323	312	294	273	252	234	221	214	212	215
000076.TextGrid	ei4	0.114	222	220	215	209	202	198	196	197	200	204
000076.TextGrid	ou1	0.133	230	229	225	221	218	216	215	215	216	217
000076.TextGrid	ia1	0.290	217	220	223	218	213	213	217	223	230	234
000077.TextGrid	ai3	0.193	254	254	251	244	237	230	222	215	209	207
000077.TextGrid	uo2	0.118	246	248	252	258	269	285	303	320	331	335
000077.TextGrid	iong2	0.285	267	233	210	208	223	253	288	307	306	295
000077.TextGrid	ie2	0.133	267	256	245	237	234	237	245	256	269	280
000077.TextGrid	ia1	0.181	318	309	299	295	296	300	302	302	300	301
000077.TextGrid	ua1	0.249	322	325	321	316	313	309	307	310	315	315
000078.TextGrid	v2	0.160	239	239	238	240	245	253	261	267	269	272
000078.TextGrid	ai4	0.141	303	303	293	281	269	261	256	252	251	251
000078.TextGrid	uei2	0.124	255	248	241	236	236	239	246	252	257	259
000078.TextGrid	i2	0.210	255	255	252	252	256	264	276	285	290	292
000078.TextGrid	a3	0.190	278	256	230	209	196	188	185	183	184	186
000078.TextGrid	van2	0.160	210	208	204	200	200	205	213	224	235	248
000078.TextGrid	e5	0.156	261	267	266	262	256	250	245	242	238	233
000078.TextGrid	uang3	0.182	233	226	218	207	192	178	169	166	167	178
000078.TextGrid	uai4	0.140	178	193	208	220	230	240	250	259	266	271
000078.TextGrid	uan4	0.200	293	308	313	308	297	284	272	267	270	285
000078.TextGrid	eng4	0.217	330	346	342	326	301	270	241	218	205	205
000079.TextGrid	uo2	0.142	277	273	271	275	284	298	314	327	332	332
000079.TextGrid	uen2	0.169	332	326	316	304	296	294	296	298	299	300
000079.TextGrid	vn1	0.150	314	321	328	333	337	339	340	338	334	329
000079.TextGrid	uo1	0.247	279	253	230	216	212	212	215	221	230	237
000079.TextGrid	sp1	0.340	237	241	244	246	248	250	252	254	256	255
000079.TextGrid	uan3	0.199	255	252	246	236	229	224	221	217	213	209
000079.TextGrid	u2	0.130	220	223	228	234	242	252	262	271	277	283
000079.TextGrid	an1	0.125	330	336	341	344	346	348	350	351	351	351
000079.TextGrid	ang4	0.152	362	359	343	318	290	264	243	230	222	216
000079.TextGrid	ve3	0.253	192	180	168	162	159	156	153	157	168	179
000079.TextGrid	sp1	0.147	179	186	192	198	205	211	217	224	230	236
000079.TextGrid	iao3	0.193	264	256	238	220	208	200	198	199	204	213
000079.TextGrid	uo4	0.179	274	264	250	235	222	214	209	206	205	205
000079.TextGrid	vn2	0.231	205	206	208	208	207	208	217	234	255	272
000079.TextGrid	ian1	0.181	313	319	320	321	323	327	329	329	326	325
000079.TextGrid	ve4	0.276	325	335	342	327	288	240	191	138	111	111
000080.TextGrid	i2	0.129	253	252	252	255	262	273	288	302	314	322
000080.TextGrid	ei4	0.119	359	369	375	375	370	359	343	324	304	284
000080.TextGrid	iao2	0.329	218	197	186	185	188	202	244	297	313	302
000080.TextGrid	e3	0.094	254	245	235	225	216	208	201	196	192	191
000080.TextGrid	uei4	0.218	191	198	218	232	239	239	231	221	216	217
000080.TextGrid	ing4	0.134	283	296	304	306	302	294	283	273	264	258
000080.TextGrid	vn4	0.168	258	251	243	232	219	208	200	197	199	206
000080.TextGrid	uo1	0.137	233	238	239	236	233	231	230	231	231	230
000080.TextGrid	uan3	0.296	230	199	168	152	146	140	129	108	95	95
000081.TextGrid	ou2	0.153	254	254	257	263	273	287	302	312	315	319
000081.TextGrid	iao3	0.156	331	310	280	252	231	216	207	202	200	200
000081.TextGrid	ong2	0.232	219	217	213	214	219	229	244	263	280	293
000081.TextGrid	uai4	0.122	332	333	328	317	305	295	289	287	287	288
000081.TextGrid	uai4	0.112	301	302	298	291	282	274	269	266	266	270
000081.TextGrid	an4	0.193	335	350	356	351	338	321	301	282	264	249
000081.TextGrid	an5	0.191	221	207	189	174	163	155	149	144	139	139
000082.TextGrid	ie3	0.146	270	263	253	242	232	226	223	223	228	238
000082.TextGrid	a1	0.152	331	342	346	348	352	358	362	361	354	346
000082.TextGrid	ang3	0.160	328	304	270	236	210	193	180	163	141	122
000082.TextGrid	ai4	0.177	122	121	152	198	238	256	253	244	239	240
000082.TextGrid	ao4	0.122	247	244	238	230	223	217	211	207	203	201
000082.TextGrid	e3	0.137	203	198	191	184	178	173	169	167	169	176
000082.TextGrid	ang1	0.175	238	253	262	269	275	283	292	298	301	303
000082.TextGrid	uei1	0.263	328	328	323	324	327	331	329	316	302	291
000082.TextGrid	iao2	0.144	260	240	222	209	206	211	221	233	246	255
000082.TextGrid	ian3	0.179	255	257	249	233	211	187	169	160	161	169
000082.TextGrid	i1	0.114	239	241	241	241	240	238	236	235	236	239
000082.TextGrid	uan1	0.248	270	268	259	255	256	259	262	267	275	277
000083.TextGrid	er2	0.186	161	171	218	252	271	288	309	330	341	340
000083.TextGrid	v3	0.138	333	329	316	294	269	245	227	217	216	221
000083.TextGrid	ie4	0.174	221	237	257	274	284	285	279	269	262	261
000083.TextGrid	in1	0.211	310	321	330	335	338	338	333	323	317	313
000083.TextGrid	sp1	0.057	313	312	309	306	303	300	296	292	288	284
000083.TextGrid	ie3	0.161	284	272	258	243	229	217	208	203	204	211
000083.TextGrid	ei4	0.103	232	236	236	235	234	232	232	230	229	226
000083.TextGrid	i4	0.123	226	223	219	216	212	208	204	200	199	203
000083.TextGrid	en1	0.126	236	242	246	248	250	253	257	261	263	261
000083.TextGrid	in3	0.164	251	245	229	209	193	183	178	174	171	171
000083.TextGrid	ii5	0.079	200	203	205	207	208	210	211	213	216	218
000083.TextGrid	ia1	0.234	218	226	230	236	243	246	248	250	249	242
000083.TextGrid	e5	0.181	235	225	209	197	192	190	191	193	197	198
000084.TextGrid	uen1	0.168	327	326	323	321	316	311	306	303	303	304
000084.TextGrid	uen1	0.176	318	321	320	316	310	304	300	300	301	304
000084.TextGrid	ing1	0.158	316	319	321	321	321	322	325	327	327	324
000084.TextGrid	ing2	0.319	287	247	211	198	200	208	223	244	268	284
000084.TextGrid	sp1	0.127	284	287	289	291	292	293	295	296	298	299
000084.TextGrid	u4	0.143	299	299	297	294	288	282	276	270	265	261
000084.TextGrid	uang4	0.218	261	258	255	248	241	233	226	221	222	231
000084.TextGrid	ian1	0.148	282	283	282	278	276	276	277	278	279	281
000084.TextGrid	an1	0.234	303	299	291	289	291	292	295	296	289	277
000084.TextGrid	u3	0.155	235	214	196	184	176	173	174	182	197	217
000084.TextGrid	v4	0.189	217	246	273	292	299	294	279	260	242	228
000084.TextGrid	ing2	0.248	198	187	180	180	184	191	202	221	242	251
000085.TextGrid	ian4	0.124	330	322	312	302	294	286	279	273	269	271
000085.TextGrid	ai4	0.163	285	282	271	260	252	247	245	243	242	243
000085.TextGrid	iii4	0.219	242	237	232	227	223	222	225	232	250	282
000085.TextGrid	aor4	0.282	337	347	339	321	297	274	255	244	241	238
000085.TextGrid	ve4	0.177	238	246	263	279	286	283	271	255	240	229
000085.TextGrid	ou3	0.121	213	205	195	185	177	173	173	176	182	190
000085.TextGrid	ve4	0.165	190	202	214	223	226	221	213	205	200	202
000085.TextGrid	uan1	0.234	262	270	271	270	273	279	284	287	286	279
000085.TextGrid	sp1	0.120	279	274	269	264	259	254	249	244	238	232
000085.TextGrid	en2	0.114	210	211	214	219	228	239	251	263	273	281
000085.TextGrid	i4	0.184	303	293	279	266	254	245	239	238	240	246
000085.TextGrid	ve4	0.206	246	258	271	283	291	289	278	263	247	231
000085.TextGrid	ao3	0.159	204	195	187	179	175	173	173	176	182	191
000085.TextGrid	ve4	0.193	191	205	223	238	245	242	237	237	247	266
000085.TextGrid	uang4	0.256	266	301	324	321	305	277	239	201	183	183
000086.TextGrid	u4	0.172	351	351	351	351	348	341	331	317	304	297
000086.TextGrid	iong1	0.201	297	303	322	340	349	354	357	361	362	362
000086.TextGrid	uei4	0.154	392	383	360	328	298	274	257	241	228	217
000086.TextGrid	ian2	0.326	217	204	198	193	192	195	208	240	269	277
000086.TextGrid	sp1	0.145	277	275	273	270	267	264	261	257	253	248
000086.TextGrid	en2	0.094	237	241	249	261	276	293	309	322	331	336
000086.TextGrid	iou3	0.174	336	336	323	295	255	219	196	189	195	210
000086.TextGrid	i4	0.150	301	318	328	330	325	311	291	268	245	229
000086.TextGrid	ing4	0.179	236	227	215	202	191	181	173	172	178	186
000086.TextGrid	sp1	0.155	186	194	202	211	219	227	235	243	250	254
000086.TextGrid	i4	0.100	254	254	252	249	243	237	231	223	216	209
000086.TextGrid	iou3	0.204	209	198	187	175	162	150	141	143	164	202
000086.TextGrid	uang4	0.251	202	258	302	320	317	296	258	221	199	193
000086.TextGrid	ing4	0.153	194	191	184	175	163	150	139	133	132	132
000087.TextGrid	an1	0.124	303	304	304	302	300	299	298	297	295	294
000087.TextGrid	ou4	0.215	314	295	268	246	232	221	212	208	212	222
000087.TextGrid	sp1	0.227	222	233	243	252	261	270	278	287	296	302
000087.TextGrid	i4	0.138	302	304	304	304	303	300	293	283	273	266
000087.TextGrid	ing2	0.127	274	276	277	280	285	290	294	294	289	279
000087.TextGrid	en2	0.142	226	218	217	219	224	231	237	243	249	256
000087.TextGrid	iou4	0.150	256	267	275	275	269	258	247	237	230	225
000087.TextGrid	ei2	0.148	223	225	224	221	220	222	227	236	246	255
000087.TextGrid	uang1	0.168	255	264	273	278	282	287	293	297	296	294
000087.TextGrid	iao3	0.120	276	256	232	207	187	175	169	170	174	182
000087.TextGrid	ei1	0.204	237	243	244	247	250	253	251	249	251	257
000087.TextGrid	sp1	0.089	257	260	263	266	269	272	275	278	281	284
000087.TextGrid	ao4	0.207	293	286	275	265	258	254	254	257	263	271
000087.TextGrid	ing4	0.145	331	345	352	351	347	340	330	315	298	279
000087.TextGrid	i4	0.101	279	266	254	242	232	223	215	208	205	203
000087.TextGrid	en2	0.163	206	202	195	191	191	195	203	215	225	230
000087.TextGrid	uo3	0.194	208	192	175	163	157	150	143	143	155	171
000087.TextGrid	an4	0.134	245	244	237	227	214	197	173	143	116	104
000087.TextGrid	er3	0.188	104	117	150	177	186	186	184	183	186	193
000087.TextGrid	i2	0.113	212	218	224	232	242	252	260	265	265	262
000087.TextGrid	ou2	0.133	224	213	204	199	197	199	203	207	212	218
000087.TextGrid	e1	0.187	264	260	252	247	245	248	252	257	260	260
000088.TextGrid	an4	0.182	389	387	383	374	361	343	321	297	275	256
000088.TextGrid	a2	0.188	214	198	188	185	185	188	197	216	244	277
000088.TextGrid	a5	0.147	277	301	321	333	339	338	334	326	314	299
000088.TextGrid	i3	0.214	224	203	187	175	166	156	143	131	135	167
000088.TextGrid	iou4	0.216	167	214	262	308	340	351	346	329	308	287
000088.TextGrid	ai2	0.128	240	229	219	212	210	211	213	215	219	224
000088.TextGrid	ou1	0.120	260	265	267	268	268	268	268	266	264	261
000088.TextGrid	a5	0.129	258	255	248	240	231	222	215	211	209	209
000088.TextGrid	ei2	0.242	204	191	179	175	177	183	193	209	227	232
000089.TextGrid	ve1	0.151	341	346	355	362	366	366	361	352	339	323
000089.TextGrid	uan2	0.175	323	301	279	264	263	277	302	327	342	342
000089.TextGrid	a3	0.225	272	243	214	193	181	175	175	178	180	182
000089.TextGrid	v2	0.207	182	190	207	230	257	285	310	327	327	314
000089.TextGrid	ie3	0.118	228	214	200	186	175	168	164	165	170	178
000089.TextGrid	uo1	0.211	273	291	302	306	308	310	311	313	313	308
000089.TextGrid	ei2	0.101	229	223	219	219	222	229	240	254	270	286
000089.TextGrid	iou3	0.157	286	304	313	308	294	274	255	239	226	215
000089.TextGrid	ai2	0.187	181	176	172	171	171	172	175	180	188	197
000089.TextGrid	ii5	0.138	223	224	220	212	203	201	201	201	201	201
000090.TextGrid	ou4	0.164	358	355	349	339	327	315	303	291	278	265
000090.TextGrid	uen3	0.249	230	213	197	184	172	165	161	162	175	202
000090.TextGrid	ong4	0.160	348	359	360	353	342	330	317	305	295	290
000090.TextGrid	ai4	0.154	290	288	281	271	260	250	242	237	236	240
000090.TextGrid	e1	0.146	280	287	291	293	294	295	295	292	286	276
000090.TextGrid	iao2	0.253	276	256	231	207	196	198	208	224	242	253
000090.TextGrid	ing1	0.099	323	327	330	332	333	334	333	333	332	332
000090.TextGrid	iou4	0.181	332	331	328	317	298	276	257	245	248	280
000090.TextGrid	uei2	0.133	303	250	221	209	206	210	218	228	239	252
000090.TextGrid	an4	0.165	284	286	280	270	258	247	238	233	229	224
000090.TextGrid	ou3	0.115	186	180	173	166	160	155	152	151	151	152
000090.TextGrid	an2	0.248	165	166	166	168	175	187	205	227	246	267
000090.TextGrid	eng4	0.132	331	341	347	347	341	332	322	313	306	303
000090.TextGrid	ian4	0.136	298	295	289	280	268	257	246	238	230	224
000090.TextGrid	uen2	0.118	207	204	202	201	203	207	213	221	230	238
000090.TextGrid	uei3	0.129	257	241	218	193	170	155	150	153	163	178
000090.TextGrid	ou4	0.149	250	254	251	242	230	217	210	210	210	210
000091.TextGrid	ie3	0.150	253	253	252	249	244	239	236	234	236	243
000091.TextGrid	uan1	0.184	307	318	319	321	326	333	335	330	317	301
000091.TextGrid	ing2	0.251	301	282	269	257	252	257	271	290	306	322
000091.TextGrid	uei4	0.167	322	339	359	369	368	357	340	322	307	301
000091.TextGrid	eng1	0.114	349	357	363	367	368	367	364	361	357	352
000091.TextGrid	ian2	0.156	325	304	280	258	246	250	266	285	299	304
000091.TextGrid	ang3	0.139	260	244	224	204	189	181	180	180	184	191
000091.TextGrid	ang1	0.169	238	243	242	241	242	245	248	251	252	251
000091.TextGrid	sp1	0.097	251	250	250	250	251	251	251	252	252	252
000091.TextGrid	ao2	0.122	240	229	217	207	201	199	201	204	208	211
000091.TextGrid	uo3	0.133	211	212	210	206	200	193	187	184	186	192
000091.TextGrid	ai4	0.172	210	210	205	200	196	191	187	184	180	176
000091.TextGrid	ian2	0.328	176	174	175	171	168	169	176	189	210	219
000092.TextGrid	ou2	0.187	258	258	259	268	285	306	325	337	340	338
000092.TextGrid	i2	0.203	338	333	328	326	330	339	351	357	353	339
000092.TextGrid	uang3	0.272	339	323	307	272	228	194	179	177	179	186
000092.TextGrid	uan2	0.220	218	216	210	206	207	212	225	244	266	284
000092.TextGrid	ong1	0.121	345	350	352	353	352	352	352	353	353	352
000092.TextGrid	ong2	0.176	281	259	240	234	242	262	287	310	323	327
000092.TextGrid	u3	0.304	273	221	172	141	121	102	88	87	98	114
000092.TextGrid	sp1	0.192	114	124	134	143	153	162	172	181	191	200
000092.TextGrid	i2	0.132	280	287	297	310	325	341	354	362	363	357
000092.TextGrid	in2	0.161	310	296	283	278	283	294	306	313	315	311
000092.TextGrid	ai2	0.150	277	258	237	219	207	202	204	212	224	240
000092.TextGrid	o4	0.200	290	286	274	258	242	229	220	214	210	206
000092.TextGrid	i3	0.129	200	197	190	183	174	165	157	151	148	152
000092.TextGrid	uen1	0.131	247	253	255	256	256	257	257	258	258	258
000092.TextGrid	iou1	0.237	279	284	285	284	282	280	280	285	291	291
000093.TextGrid	u2	0.160	243	246	253	265	280	296	309	318	322	326
000093.TextGrid	u4	0.146	370	367	361	353	343	334	325	319	316	318
000093.TextGrid	a4	0.203	363	356	341	324	304	282	265	257	256	258
000093.TextGrid	e2	0.092	261	260	260	260	262	265	269	274	280	287
000093.TextGrid	u4	0.166	359	365	363	356	344	324	296	265	235	210
000093.TextGrid	ian3	0.325	210	183	178	170	158	146	134	123	105	109
000093.TextGrid	sp1	0.091	109	118	130	144	159	175	191	207	221	234
000093.TextGrid	iao4	0.163	234	250	252	245	235	228	223	219	219	223
000093.TextGrid	ai4	0.177	235	235	229	220	212	207	204	203	205	208
000093.TextGrid	ang4	0.211	222	213	200	191	187	186	186	189	197	213
000093.TextGrid	uei1	0.143	269	276	280	282	284	286	287	284	280	280
000093.TextGrid	iao1	0.154	322	324	321	319	320	321	320	312	299	283
000093.TextGrid	iong3	0.161	283	265	246	223	194	168	151	144	146	157
000093.TextGrid	ao4	0.218	248	276	289	287	272	249	225	207	202	208
000093.TextGrid	sp1	0.193	208	212	215	218	220	223	225	228	230	232
000093.TextGrid	e2	0.109	235	231	227	224	222	221	221	221	224	230
000093.TextGrid	ai1	0.148	264	267	264	260	256	255	256	257	256	251
000093.TextGrid	u2	0.143	232	226	222	222	228	236	244	248	248	243
000093.TextGrid	in3	0.171	243	234	224	212	200	186	176	170	172	179
000093.TextGrid	ing2	0.120	230	238	248	261	273	284	292	295	294	289
000093.TextGrid	ian3	0.154	289	275	253	225	195	169	150	143	149	163
000093.TextGrid	ing4	0.165	258	274	283	283	275	259	240	232	232	232
000094.TextGrid	a3	0.146	265	256	247	240	234	230	228	229	235	246
000094.TextGrid	vn4	0.157	351	364	371	371	363	351	335	317	298	277
000094.TextGrid	uei2	0.251	277	246	220	202	197	197	204	226	254	267
000094.TextGrid	v3	0.214	267	266	255	240	222	204	189	179	174	173
000094.TextGrid	iang2	0.283	173	180	194	201	200	221	272	314	318	295
000094.TextGrid	i2	0.151	295	280	270	267	275	291	308	318	316	309
000094.TextGrid	eng3	0.209	269	233	197	173	162	158	159	164	176	196
000094.TextGrid	ong4	0.157	264	280	286	282	272	260	247	237	232	233
000094.TextGrid	u4	0.116	244	244	240	233	225	218	213	210	209	212
000094.TextGrid	eng1	0.143	270	277	280	281	282	285	288	290	290	288
000094.TextGrid	iii4	0.137	282	272	259	255	272	305	336	354	354	354
000095.TextGrid	eng3	0.164	318	302	283	269	260	255	252	248	244	241
000095.TextGrid	i2	0.112	268	279	290	302	313	322	327	329	327	323
000095.TextGrid	uen2	0.171	323	315	306	299	301	312	324	332	337	340
000095.TextGrid	ao3	0.144	332	315	289	261	237	219	208	202	202	208
000095.TextGrid	an1	0.186	233	244	249	251	253	255	257	258	258	259
000095.TextGrid	uei4	0.246	259	259	245	226	209	197	187	171	154	159
000095.TextGrid	sp1	0.068	159	163	169	174	179	185	191	197	203	209
000095.TextGrid	an3	0.174	235	230	224	218	213	208	207	211	220	241
000095.TextGrid	vanr4	0.250	241	290	327	337	328	309	284	260	244	242
000095.TextGrid	iou1	0.133	258	263	265	266	268	268	267	264	259	255
000095.TextGrid	a5	0.146	252	247	238	226	215	206	199	193	190	190
000095.TextGrid	i1	0.206	229	237	242	243	245	248	250	250	248	248
000096.TextGrid	u2	0.198	262	260	261	269	281	295	305	310	308	298
000096.TextGrid	uei2	0.271	298	269	240	226	222	226	239	256	263	268
000096.TextGrid	ong1	0.147	327	335	337	336	334	332	332	332	332	333
000096.TextGrid	an1	0.145	349	347	343	339	337	335	330	324	319	321
000096.TextGrid	an1	0.183	342	346	345	345	348	350	346	334	314	290
000096.TextGrid	van2	0.346	290	245	206	183	181	190	216	253	267	262
000096.TextGrid	uang3	0.213	249	237	222	207	196	189	185	185	189	201
000096.TextGrid	iao1	0.231	201	222	239	247	255	260	263	265	266	267
000096.TextGrid	ian1	0.152	331	335	337	338	337	333	325	314	302	292
000096.TextGrid	v2	0.134	292	286	283	283	284	284	283	279	273	263
000096.TextGrid	iou2	0.201	263	244	219	195	180	175	177	184	196	212
000096.TextGrid	e4	0.192	282	276	257	233	212	196	186	181	182	187
000096.TextGrid	sp1	0.215	187	194	200	205	210	215	220	225	230	235
000096.TextGrid	in3	0.152	248	238	224	213	205	200	196	195	195	197
000096.TextGrid	ang2	0.222	208	202	196	196	202	214	232	252	268	273
000096.TextGrid	ong2	0.160	255	248	244	252	271	296	319	333	337	334
000096.TextGrid	iang2	0.190	334	327	319	305	287	274	270	279	293	305
000096.TextGrid	i4	0.196	305	311	311	306	298	286	273	261	252	247
000096.TextGrid	ou4	0.186	255	247	232	218	207	199	195	194	195	201
000096.TextGrid	ian1	0.165	298	312	323	331	336	339	340	339	333	323
000096.TextGrid	ou3	0.199	253	220	188	168	159	155	156	162	177	199
000096.TextGrid	ian4	0.306	199	247	292	312	305	271	225	190	184	184
000097.TextGrid	iao3	0.143	295	282	264	248	236	229	224	221	220	221
000097.TextGrid	uen2	0.178	221	224	228	231	236	247	263	278	288	289
000097.TextGrid	ie2	0.215	265	251	235	226	225	231	241	255	268	269
000097.TextGrid	van2	0.134	266	257	248	243	244	251	262	272	281	288
000097.TextGrid	en1	0.169	324	323	319	315	313	311	312	325	363	430
000097.TextGrid	u1	0.117	397	369	357	354	355	354	350	345	340	338
000097.TextGrid	ou4	0.135	343	326	300	272	246	228	214	205	199	193
000097.TextGrid	u2	0.111	198	202	207	216	228	243	258	271	280	284
000097.TextGrid	ai2	0.274	238	211	189	181	183	189	198	218	243	255
000098.TextGrid	in2	0.137	259	258	259	262	272	286	305	324	341	354
000098.TextGrid	ou3	0.290	361	314	242	190	168	160	151	147	176	223
000098.TextGrid	iong4	0.208	223	252	277	291	294	289	278	267	259	250
000098.TextGrid	ian3	0.208	239	236	224	209	193	179	172	171	174	181
000098.TextGrid	en2	0.152	223	233	245	262	285	307	322	327	323	314
000098.TextGrid	iao2	0.200	314	298	273	242	222	222	240	268	295	313
000098.TextGrid	uei3	0.209	275	322	413	458	448	422	391	360	335	318
000098.TextGrid	iang1	0.153	259	247	237	231	229	230	233	235	234	231
000098.TextGrid	uo3	0.132	205	193	180	167	159	155	157	163	172	182
000098.TextGrid	u1	0.081	252	256	259	261	263	264	265	266	268	270
000098.TextGrid	ie4	0.253	292	295	289	273	236	179	127	108	108	108
000099.TextGrid	an1	0.171	313	313	318	323	326	326	327	333	339	342
000099.TextGrid	van2	0.143	294	272	249	231	224	227	238	251	262	270
000099.TextGrid	ao4	0.187	293	294	286	272	258	247	237	229	228	236
000099.TextGrid	uo4	0.105	284	282	276	267	257	248	240	235	232	232
000099.TextGrid	eng2	0.154	236	231	224	221	224	233	248	266	282	296
000099.TextGrid	u1	0.172	296	311	326	339	348	355	357	351	337	324
000099.TextGrid	u2	0.151	300	284	273	272	280	291	300	303	301	293
000099.TextGrid	ua2	0.199	293	277	254	225	200	188	187	193	208	237
000099.TextGrid	ua5	0.164	237	269	298	314	320	321	320	318	318	318
000099.TextGrid	iang4	0.206	318	313	300	279	254	229	209	195	185	178
000099.TextGrid	ii5	0.176	169	164	157	144	126	105	90	90	90	90
000100.TextGrid	i4	0.128	327	321	315	308	303	298	294	290	286	284
000100.TextGrid	an1	0.194	318	321	319	318	320	324	326	327	324	318
000100.TextGrid	iii4	0.110	309	304	295	283	271	260	251	244	238	234
000100.TextGrid	ao3	0.192	238	223	200	180	168	163	162	165	174	187
000100.TextGrid	ia1	0.224	187	208	228	245	261	272	278	282	284	283
000100.TextGrid	ve1	0.109	320	325	330	333	334	332	328	322	317	312
000100.TextGrid	in1	0.155	321	329	336	341	341	339	334	327	317	303
000100.TextGrid	uan2	0.189	273	243	216	202	203	217	245	278	306	323
000100.TextGrid	iang3	0.336	333	297	233	185	144	126	123	105	86	85
